Taxa	SY	DF	DM	BM	HI	PH	SF	SW	LG
1	CDBN_001_1543	408.510961169747	-7.25440134569523	-8.57073612650431	-146.016033948543	18.7856332874582	0.0409255430290669	-1.68247907122855	5.81154178578411	0.172789607975671
2	CDBN_002_2242	388.374428536292	-2.63196230285521	-2.66264026255483	-935.194362523738	17.2599578772326	1.98346681532457	-0.257988542008239	47.2409573680233	0.174880289791695
3	CDBN_003_5229	232.205851416111	NA	-6.96850937975624	NA	10.574829567954	-3.1087439834523	NA	143.444138996155	NA
4	CDBN_004_5501	469.138907301168	-10.611168508168	-12.7358956208482	NA	4.48939459185253	-3.96211650672528	-2.17688114523257	162.543928112603	-0.768408274806229
5	CDBN_005_54028	628.311788023929	-4.05283300493477	-3.5328240374968	-896.093936218243	16.0546683987091	-4.4800704620737	0.566828100031057	30.6565073160067	0.349411887953015
6	CDBN_006_55012	318.10339083522	-3.07082113254712	-3.1947464648969	-930.324592262587	14.0524202130663	NA	0.865327118485706	134.713024560173	0.709343858233893
7	CDBN_007_88728	412.042071313776	-7.92491237831453	-6.07862349059393	-463.083217289092	19.3196931918041	NA	1.55947168181968	193.900880234642	-0.181840485936377
8	CDBN_008_87_1116	579.565778789545	-5.76383989521305	-9.30605973340631	-1084.47095495422	17.6530991623964	NA	-3.23202901854698	207.028569835537	0.162719609336338
9	CDBN_009_88_409	681.908951211671	-5.93821567055573	-6.39292848564381	-1133.03173472426	12.0519978942532	2.21146530434221	-1.70161394549861	170.241140095875	-0.385270709733942
10	CDBN_010_93_207G	400.627913918996	-5.85951589027137	-6.4896838182144	-128.299588240539	12.7194395369041	-0.494976966594307	-1.41279370313183	141.979559931033	-0.058832483497229
11	CDBN_011_93_208G	-293.742101464961	-7.15379209842035	-11.923384979125	NA	13.1645748240959	NA	-4.52605523949426	53.1026785891218	-1.14273869872012
12	CDBN_012_93_219P	350.44596532062	-6.96057541911742	-6.00659592971781	-214.250296953747	8.49994019123502	-0.344790620304087	-0.502126975819734	158.880967975158	-0.117447795116028
13	CDBN_013_94_1009P	192.107177101608	-8.14871823066824	-11.3392242495619	-801.729975735025	16.6911192108594	NA	-5.5781670706502	155.7076251941	NA
14	CDBN_014_97_409P	372.845126077261	-9.49232057850194	-8.07279757800092	358.939442098878	11.0381175575717	-6.13629407326179	1.79166483456636	188.130290906742	-0.901176587241787
15	CDBN_015_98_163G	371.241066279088	-8.98730145076345	-17.7158217232132	NA	5.41370438057947	-9.25492842024231	-7.74970232882763	139.676691078065	-0.309240256785797
16	CDBN_016_98_209G	232.466139714083	-6.73355737427114	-6.04737044617595	NA	16.762985050281	-1.56562813377117	0.989768030210407	43.5853548425262	-0.165995102466838
17	CDBN_017_CO_64342	386.607010317846	-6.16146443799112	-4.81699944771854	-1290.34573131958	13.8630198120158	NA	2.10937485227514	139.728921970453	NA
18	CDBN_019_CPC_00153	-87.6690119552572	-8.00324729385696	-4.34026653517663	-2766.36830472458	18.1366162980672	-3.11418486407372	2.01566035383505	286.795738910831	-0.935567179214734
19	CDBN_020_CPC_00247	92.305677136383	-8.08931884323663	-4.25211097819447	-358.333829841783	3.25274473243336	-17.1531853319558	1.91738563001215	226.114642054244	-0.687413194910097
20	CDBN_021_CPC_00250	560.101080810425	-8.20931639520693	-7.6587111542267	NA	11.3211986406697	-5.46351417301141	0.0701965240544127	-20.7078745975468	0.429428481532817
21	CDBN_022_Cran34	637.279167889228	-6.26407112888517	-7.49513593982031	NA	13.8287139227582	1.17210392905603	-2.35658527906532	174.949749176033	-0.909838786337974
22	CDBN_023_CU_M90	620.916294801782	-3.62930331940238	-4.60435231772049	NA	17.8830322579827	NA	-1.18641697585124	47.1921497408669	-1.04970242405196
23	CDBN_024_Elizabeth	-19.0230813921197	-6.9971351779639	-2.77946135207835	NA	-4.82936253613832	-0.384403495005971	4.42349028703112	219.904378830325	-1.44203548360567
24	CDBN_025_Flamingo	48.7408874991571	-6.17639484571011	-8.0379479379985	-1045.3201755315	13.166670207624	-0.844909908323196	-2.2389570290747	67.8945790525968	-0.258490089562835
25	CDBN_026_Frigate	-353.379020240417	-9.13613741872068	-12.4168618716519	NA	13.141688948433	-7.64684106540658	-1.94552072899711	36.524145767503	0.137490633414835
26	CDBN_027_H9659_41_3	117.58337018505	-3.65164516490228	-7.02958030949308	NA	20.4332422622972	-3.15602884338021	-2.57468070075416	62.6185726254441	-0.537249658509947
27	CDBN_028_H9673_87	189.498428575991	-8.36000187857841	-2.57606673801897	-1575.80204795595	10.0541287112532	-6.97071300837912	4.80132442650059	230.104982522676	-1.11481469286924
28	CDBN_030_IS_4905_B	763.670617801835	-6.71828210343259	-6.987941415689	-242.188650939848	18.0966588742784	NA	0.96227112201324	29.9170261780013	0.86132858633797
29	CDBN_031_IS_4907_Ba	148.51943648376	-6.44911387440435	-10.1574425480298	-1061.46612415239	7.76108914064334	NA	-5.3926227056522	162.82741145518	-0.463410303315503
30	CDBN_032_IS_4914_B	124.958898803638	-7.32029627342509	-10.2477151297285	-669.872847912922	12.5230113035561	NA	-2.94753030092268	136.284288118218	-1.00985534566377
31	CDBN_033_IS_4923_B	577.445399684872	-3.04924437981762	-3.83059530912485	NA	16.6404315800256	NA	-1.42215713411971	51.8354466233648	-0.274021677064209
32	CDBN_034_IS_4924_B	503.707920978384	-8.17790764371669	-11.7670994223668	-1000.50419568226	16.9521554322674	NA	-2.3395240317951	151.163145760315	0.52363315661593
33	CDBN_035_ISB_1145	-188.112921211934	-9.59224681514367	-3.88870823807072	-1807.42855320058	11.6273466007549	-4.63293883878688	5.04849202406777	148.238899316322	-1.33262931670065
34	CDBN_036_ISB_1252	329.442414096627	-11.0704760389449	-9.68791520668552	-1148.48227753273	8.73403705561472	-3.27135660311977	0.587003026846866	278.456803545417	-1.25667027994961
35	CDBN_037_ISB_1256	426.949706662268	-7.79149160120416	-3.74086971240203	-791.366879722526	15.4928553868935	-3.62155036170884	2.53532458751827	178.618138800048	-0.860030619894495
36	CDBN_038_ISB_1614	74.8793184321378	-9.31634387162574	-10.6160272214638	-200.510764682308	14.5835011048707	-1.98769774890982	-3.27376069535596	234.783836995766	-1.83939106585616
37	CDBN_039_ISB_1814	721.329735847482	-7.00373530098713	-6.74084935986016	-641.860541571932	8.57376684269286	-1.22100586078692	-0.677831340048417	185.063729895795	-0.223863793687917
38	CDBN_040_ISB_2001	272.338683638683	NA	-12.2819305719395	-1251.56609955305	8.88593102296749	-10.4509471368238	NA	92.3401779012353	NA
39	CDBN_041_ISB_23	558.163328853366	-9.15796791841439	-9.2416306487207	-216.673828775079	14.7751658735902	NA	-0.0813131020904872	141.921765344492	-0.614885967171869
40	CDBN_042_ISB_254_1	793.789982562877	-10.1826720272683	-14.0940769441719	-644.466367935729	15.8078756462604	NA	-4.85862950992639	200.780177996686	0.31815622240689
41	CDBN_043_ISB_254_4	282.704682054883	-3.67833173372168	-8.56171446915363	-1446.93822121843	11.4329081259488	NA	-5.26525749243219	60.8784142285563	-0.248585116293868
42	CDBN_044_ISB_2598	467.2807986695	-8.65787594697439	-13.1686570087504	-757.335050262428	9.70167378987598	-1.01355406243545	-5.35914691167732	228.297053741554	-0.84280001601224
43	CDBN_045_ISB_486	223.969632050382	-1.05756975290456	-3.8022188722747	-1104.27363035416	18.8401645557365	1.0677161984502	-2.79641007394967	43.2431675864919	-0.469829608494501
44	CDBN_046_ISB_5172	890.207969336503	-8.55472105138752	-9.37989875265288	NA	13.5995708597819	1.62818432865916	-2.02581319939815	184.861804637521	-0.697010226902326
45	CDBN_047_ISB_565	193.302770330992	-3.70630770160463	-7.03641492797054	NA	NA	-6.28724858134918	-3.03523627151306	13.5637525042545	-0.921877316647707
46	CDBN_048_ISB_5893	223.07117189281	-7.00293383758282	-2.69548430347943	NA	9.21582051322714	NA	0.715605973837496	138.006286486316	-1.35901851369167
47	CDBN_049_UNS_117	-46.4483061907381	-5.43101903246291	-5.19060159373331	-853.619657879443	13.3750475514714	4.17421065454997	0.279901913131295	108.89473781766	0.292038482416222
48	CDBN_050_Aurora	411.419170955709	-2.10301531561361	-4.82061095473607	-1042.09530661949	18.1940738433637	-1.0947956022911	-2.67780099373894	36.0521929759394	-0.129227173900102
49	CDBN_051_AC_Calmont	338.694435088497	-4.01055090009422	-3.13444323203543	NA	5.88003145830042	NA	3.02363665053664	-13.8082967393422	0.00748881924764093
50	CDBN_052_Canario707	448.223861226358	-6.85649010279663	-8.97965719519095	-1820.54189145223	14.2016200572096	-5.45160625440698	-2.14174883800307	158.654322262736	0.675893938287299
51	CDBN_053_UI320	245.135390276787	-1.50603824349625	-2.30040679971643	-1717.66014579029	11.5376466556547	0.986082910267073	1.59014422701087	26.1185319224257	0.167464781105564
52	CDBN_054_23ST_27	0	0	0	0	0	0	0	0	NA
53	CDBN_055_IP09_3	195.213056046149	-6.05491460338608	-5.20091407138251	-1154.25303462287	10.8272171492472	-5.72430675682595	0.67247007177496	-0.802354067602265	0.489115935144953
54	CDBN_056_Jet_Black	1025.69101369735	-4.94766742823036	-2.85867165480324	-440.000907551982	12.5636731640263	0.136674626442354	0.746963814665685	89.7295521647509	0.509249138865501
55	CDBN_057_Linden	-25.6007325940275	-8.27450065692155	-3.91721597635948	NA	NA	2.29443647326505	2.65277026637146	183.227096833931	NA
56	CDBN_058_Rio_Rojo	238.462216345944	-5.7051643510701	-6.31474306868314	-1070.04207798065	11.815729462731	NA	-0.965868806124424	2.7852918656035	0.172356460697812
57	CDBN_059_SF103_8	740.441434762075	-7.82035321266786	-10.8990178156858	-1117.18408437334	19.0871760599808	-10.4707657109933	-2.51669643882548	165.552210585139	0.49459901609285
58	CDBN_060_Talon	71.2013131823171	-11.5158098810671	-10.4890522500185	-1658.1152122128	21.9675050654355	-7.33175697455404	-0.0646265400781484	222.384353253301	-1.31908431019775
59	CDBN_061_Yeti	475.963306315915	-4.73347093063542	-1.70375988738029	-890.69234613876	17.5328496953768	-5.398515984614	3.77012200000951	81.5163988062982	-0.648137032951037
60	CDBN_062_Fathom	371.523375755912	-7.1348194712542	-11.0973626074247	-547.476849331299	15.4006402133876	NA	-4.60936169507791	123.09631765469	0.614023535382895
61	CDBN_063_OAC_Inferno	613.732013617156	-8.35532007320809	-8.84869411700907	-404.851663235309	7.61932994102206	-1.05475806656202	-0.363667054995246	173.837398708024	0.538668934645268
62	CDBN_064_Rexeter	223.51160321667	-7.31720414957102	-5.43881787582206	106.980595483457	9.86510618664791	-0.630731008143006	2.00635044509267	22.5119656675596	-0.55095468159558
63	CDBN_065_UI465	243.028327067329	-6.52885579418347	-4.87156565602322	-1890.44982599729	15.522186014607	-6.30219475896816	1.49344015461104	21.1805228809584	-0.0970730315509527
64	CDBN_066_Bellagio	224.168156675614	-6.52257312987232	-7.50927840959919	-153.631347568318	8.5620534123798	-6.42020985842782	-1.09064347397747	179.165990906151	1.8394277481302
65	CDBN_067_ElDorado	439.903749674879	-2.35145646531854	-2.80841828303532	-902.174028986225	13.2037357781304	NA	-1.837880636301	104.232826143241	0.286430049574488
66	CDBN_068_Gypsy_Rose	429.119146528057	-8.45125970259543	-9.78927490753586	-768.84370786777	13.75932108449	-6.09856777835657	-1.83424722091766	-11.8810087704902	1.18534597922489
67	CDBN_069_Powderhorn	562.357024185611	-9.05805211722365	-13.7051063275593	-315.178699233944	14.0119593028834	-7.82441106720342	-4.41031699921046	189.926622069118	-0.279481362251309
68	CDBN_070_R12859	135.36033964283	-6.27639742751812	-5.62094630619565	-721.745929704661	11.6528563537667	NA	-0.0834394872034087	23.1497043871956	0.598425155565176
69	CDBN_071_Snowdon	669.662738305371	-5.51151302355808	-8.77648953441494	-1591.5389144728	21.488474267827	-4.36394175579964	-2.37389142065832	158.969980354059	0.579530662007193
70	CDBN_072_ISB_672	371.734259711271	-12.0270693344472	-16.0070819476088	51.2815143546889	14.5685457727459	-5.49454639514685	-4.16031629175301	187.235784165264	0.894174622381019
71	CDBN_073_ISB_721	340.225860824334	-8.26206213080635	-13.962884382282	-1141.82995635183	14.4151484493757	NA	-6.69448353566755	150.803195727319	NA
72	CDBN_074_ISB_782	459.163767412904	-3.99045271557696	-6.80477107960159	-694.171820101751	5.46356093661606	NA	-2.50579881385571	31.917916014985	-0.396760575789818
73	CDBN_075_ISB_782_1	504.173148741137	-8.4012367962884	-7.12272950459824	-499.681941317896	9.99674152859641	NA	1.08941952179454	156.993515263076	-0.379549640090591
74	CDBN_076_LB_4813_B	221.779555310871	-7.73733648882435	-11.5258900130811	-1218.50029338947	12.4656693536978	NA	-2.68462460656563	154.341805748517	0.452144481659149
75	CDBN_077_LB_4815_B	494.198885303821	-8.29117980183442	-6.97944141130567	-1655.09413758166	11.2671431770745	NA	1.22649706933203	156.337384258108	0.404083924010463
76	CDBN_078_Mogul	450.71902886861	-11.063568606404	-15.7097514735681	-1837.83608475074	13.8636559170936	-9.97260950243774	-5.24689883962642	163.712108203486	0.688897046203422
77	CDBN_079_Nichols	40.3129704247547	-4.00410583651321	-3.49899321632525	NA	10.1904927775628	4.49849834404198	0.480376067219893	198.707198462603	0.12988954544154
78	CDBN_080_Panther	243.03310070973	-8.10174273627894	-10.1341938283231	-1656.93538984886	17.8944198210378	NA	-2.96205332111831	163.966617862239	-0.352883264074857
79	CDBN_081_Sprint	699.328606097507	-4.30960487828515	-7.47405458350485	-1504.20114125499	23.8646879548082	-5.23429239312155	-3.70539139976199	67.0063966380379	-0.236244719771122
80	CDBN_082_UIP7_24P_1P	673.127478002346	-9.04518178260806	-14.2954355822928	-1250.85982828882	4.35419909807845	-5.9750492099961	-2.00462835402312	100.627431409383	0.871507841601487
81	CDBN_083_USPT_11_9	-23.1129503313914	-6.11870321474284	-7.09545142317173	-917.986936548509	17.3356253726534	-7.64386738235972	-2.02339315632558	7.0758717869981	-0.643701447265342
82	CDBN_084_USPT_7_3	648.363086080489	NA	-6.50843470447411	NA	21.9738166319897	NA	NA	92.5104469897587	NA
83	CDBN_085_USPT_9_18	186.223492429975	-8.19824346765761	-6.57606614266488	-1427.21926814141	11.366864639095	-2.50039537261665	-0.171578342550502	165.865950051843	-0.65072482042945
84	CDBN_086_USWA_11	372.876166766776	-10.8649115919532	-17.2352624387913	-2108.75865971611	15.3631554491892	3.19163573466658	-6.3883145080419	163.13746187655	-0.38093760164352
85	CDBN_087_USWA_70	311.281389304996	-12.1491625963016	-12.6078745416932	NA	26.5167411143789	-14.2524890391479	1.30422046535646	143.218649888493	-0.54771642944228
86	CDBN_088_USWA_75	505.95988755822	-7.44393987905914	-6.0465703022865	NA	NA	-8.69831441642988	0.844089790513512	64.5894054454986	-0.517822058482325
87	CDBN_089_Claret	183.582251915881	-8.45286997476095	-9.56388368043525	NA	18.7407702279514	NA	-1.47636307610642	183.263529816703	-0.360986284107804
88	CDBN_090_Redkloud	436.265288510459	-5.91905801410913	-8.05161161675184	-3355.32002968379	4.58561346195763	-5.86323837818873	-2.74295257900232	145.245346326998	-0.827224146053362
89	CDBN_091_1062_V98	384.897772641689	-9.87807204079169	-10.9865127424632	-1274.61640512495	15.0844417204195	NA	-0.537985235881091	8.84149137543407	0.625978613870678
90	CDBN_092_1132_V96	18.3540339555581	-8.94282649700711	-13.2489991359919	-1126.53183261	12.5197193846591	-8.13239236422112	-4.89241108196601	158.539508837272	-1.18747671880278
91	CDBN_093_Isles	548.757359217123	-6.2491445549092	-10.7570944232089	-1698.13731436192	23.9079239269299	NA	-4.22276281501281	201.310004233336	0.577762731041238
92	CDBN_094_UCD_9830	358.521760534423	-8.76439376900819	-6.58762358636321	-1047.80938292627	9.71534477986671	-1.94207201032094	1.75554678626408	43.2972561951619	-0.377399524328392
93	CDBN_095_Othello	597.049093157821	-10.4411577113696	-13.308394551196	-588.861111126598	14.0391027140182	-5.16286438467107	-3.02011144865555	187.477635126754	0.618648626666505
94	CDBN_096_Hungerford	991.215761577612	-7.62254962999946	-1.21168147300798	7.85801232333859	7.44960869653814	-0.695374809679295	4.54786627850667	212.669040693862	0.00363953992768024
95	CDBN_097_Gryphon	276.960055649755	-7.11395269318574	-5.73813596844782	NA	NA	0.0854671933038839	1.00874981547896	212.946329846973	0.0527264800397001
96	CDBN_098_OAC_Thunder	-64.0551972380679	-9.73298373450448	-7.08421240712892	-1447.91912012421	8.96074483565845	-5.2312348044678	0.963898180118625	236.611748611098	-0.431841294861682
97	CDBN_099_4533	11.8524081405603	-9.99568643984801	-4.77544602578784	NA	11.6710868626493	-4.95939650161091	4.23376862708089	177.293772563732	0.317073948932474
98	CDBN_100_6123	220.235121651163	-6.83316138123684	-13.9521828197548	NA	13.0743130063328	-10.233076286708	-7.2191096946228	158.310319086251	NA
99	CDBN_101_79146	91.8929645885575	-6.8120994075786	-11.5792226718549	NA	NA	NA	-5.66069913156089	192.210590681044	NA
100	CDBN_102_83B16	286.990249417027	-6.8076274496263	-5.1151202115482	NA	NA	-13.3043202255168	-1.63765907434175	184.489370091068	NA
101	CDBN_103_CO_12601	311.613533636791	-2.54769917267106	-1.3242098662198	NA	10.0719577990216	NA	1.90790977513699	13.9037920901675	NA
102	CDBN_104_D76125	559.245677763874	-9.15091482160387	-9.33786225256944	NA	7.92595006095315	NA	-0.0318983894679828	135.510141269277	NA
103	CDBN_105_D77135B	199.029817190896	-5.01196218192365	-5.99482399648886	NA	15.5101729181318	2.48296341114354	-1.08354402803004	38.9577112363322	1.10775812354594
104	CDBN_106_D77196	-70.3208580406055	-5.37520516309054	3.15533449016183	NA	5.40002946161895	-14.6120708080522	7.4258743838806	199.569566578408	-0.872349033244117
105	CDBN_107_D79054	-63.7770153345685	-8.81858164344421	-3.01865263836613	NA	3.09533343681065	-8.94625819086047	3.71560570565143	164.504182314234	NA
106	CDBN_108_GH760	435.983166894703	-6.72250124634199	-9.63980443219696	NA	9.54945885463105	-7.85877620568643	-2.46247063221391	167.050952411296	-1.24384580458847
107	CDBN_109_ISB_1	449.29401000549	-5.4343185918667	-5.5727693841569	NA	2.92041314813053	-7.58445870156787	-0.828287477353141	30.4261529076049	-0.581483752316852
108	CDBN_110_ISB_459	302.968291213439	-6.59205218288295	-1.4564713418997	NA	7.41573511392627	NA	2.23159528535059	198.150754019988	-0.430794174933336
109	CDBN_111_ISB_730	112.167165822766	-6.16063394633484	-3.53421612319037	NA	13.9932167183676	8.3570093036344	-0.171340434090962	180.959125109448	0.220340752157967
110	CDBN_112_MRK44	483.016150121139	-6.57110357369628	-7.65673142625982	-1544.66668874177	10.1757547964383	-6.54762319249534	0.239315267999749	134.606515122975	0.0486954826679589
111	CDBN_113_N81017	855.295977085083	-7.79469451966342	-11.6616491108142	NA	6.33968299190153	-4.89012674855422	-4.13975487718127	166.127723133068	-0.311843076763535
112	CDBN_115_AC_Skipper	263.84762128679	-4.51898096680576	-9.99767989189169	-1616.93652854439	11.0286155305355	NA	-5.13467348235979	42.2793802226011	-0.649056512651616
113	CDBN_116_AC_Trident	-63.9658399215596	-6.34646582865768	-9.65737703962565	-933.586846383616	10.2240769022405	-5.92692420981022	1.14288941228821	-39.4155486483212	NA
114	CDBN_117_Agate	654.035104016916	-9.92135388261718	-12.1190225769421	NA	13.5130436436399	NA	-2.34690445670596	126.059209629184	0.55825039853844
115	CDBN_118_Amber	777.829466453384	-3.3740788055975	-4.46868561076303	NA	13.3018445716671	NA	-0.0778051610770888	45.752359419967	0.945280406843703
116	CDBN_120_CO_33142	409.197028352731	-3.49350694146776	-6.58449838819577	-961.039299829663	21.1744876740391	NA	-3.07698293451088	43.2016245030892	NA
117	CDBN_121_Comet	-35.7148685693865	-12.3042067762154	-15.4685842286364	NA	NA	-14.7501601653537	-2.94261459820526	108.169018619586	-0.898085729923243
118	CDBN_122_Ebony	79.1819541950202	-1.45068190673997	-5.38778131669437	NA	17.0884702291402	NA	-3.91875129397262	37.2330369044836	0.522887217290427
119	CDBN_123_Fiero	275.812459004811	-7.45920294780237	-8.99236994405518	-1737.70963538751	7.88719921523695	NA	0.523636363300685	165.720162186273	-0.0528146342647071
120	CDBN_124_Fleetside	552.900446674182	-5.74878603454444	-6.78333941943402	-553.653999772127	9.28281267859919	3.54172920659921	0.0146868802389764	127.353023792216	0.572661521935011
121	CDBN_125_H9659_21_1	382.584646513059	-6.03335791355978	-8.93022794731373	NA	10.7364335061251	-4.03389817641197	-0.836071135782131	133.904383784623	-0.580272176441351
122	CDBN_126_H9659_23_1	587.615185421104	-4.96012682071638	-5.25852447643445	NA	NA	2.63985853727643	-1.4331672159105	-14.5194049437309	-0.664597094898607
123	CDBN_127_H9659_37_2	163.6267592749	-0.768712203724257	-7.35576353986176	-1968.54449470171	12.6888938862338	NA	-1.97636308654675	24.4909568643659	0.285769710957908
124	CDBN_128_L94C356	-51.7991272469387	-9.41392485816051	-7.74021904907872	-665.024580794469	9.94240710685158	-4.04243253435263	0.628942864116318	161.444020473047	-1.13730178324913
125	CDBN_129_L95F025	379.177200492853	-6.53664211792365	-5.44990960371535	NA	12.5128829519541	-7.77088604398691	0.848222372608869	15.2828860731263	0.125029950053792
126	CDBN_130_Monument	674.819927990791	-8.2214209301108	-10.5768984098112	NA	4.3691813223641	0.494975659585251	-2.44257762327312	132.468415738656	NA
127	CDBN_131_Opal	588.488150002366	-3.53590464667686	-8.94956303606343	NA	16.4129943433811	NA	-5.25651733638025	36.2554391472373	-0.127053559757461
128	CDBN_132_Pulsar	506.633797152685	-5.45079684486232	-9.90440443417685	NA	11.7082358808341	8.8238592313974	-4.30977099712214	146.704205948383	0.192235982830037
129	CDBN_133_RS101	540.952382207635	-8.69474755727121	-8.827257124662	-2090.38623876379	13.0249214314987	-6.87554072966584	-0.798933301245341	71.0807056171831	0.273642725315154
130	CDBN_134_Shetland	-434.54740351349	-11.0195157927946	-8.1238358491214	-1539.70934107943	17.0712634748261	-4.90404450065978	2.5973482909933	31.2714549114232	-0.523985380304249
131	CDBN_135_Spinel	197.929773502939	-6.4310222221053	-9.75227775226558	NA	17.6740095066162	NA	-4.12146453663436	124.620379406625	NA
132	CDBN_136_UI137	401.00755010167	-4.62506773840677	-5.7221719028436	-1003.27597211345	10.720360761425	3.97831415224858	-1.36948489634977	166.040201935849	0.403988608514714
133	CDBN_137_UI36	532.095544913638	-8.3785111674403	-10.6446303191647	NA	18.992628310242	-7.15516081905045	-2.40467160525348	138.24919994849	-0.747940531259918
134	CDBN_138_USBK_CBB_5	328.228882284173	-7.08634442251296	-6.42446666571087	-1086.30073270066	11.1321219842576	-2.64275835015836	-0.0434545315409718	317.456788301827	-1.11284679840211
135	CDBN_139_USPK_7_4	425.227486238096	-6.19486937686049	-6.42658175388154	-1757.80971179425	10.9797614344111	-2.58420012891657	-1.30274637340531	28.4167043064283	-0.409843833158988
136	CDBN_141_USPT_8_15	766.11982432645	-6.68828553005686	-8.70721072329868	-35.8263114592056	18.5142896401847	-7.20738806626383	-3.64796632853783	173.130600500449	0.221961774989369
137	CDBN_142_USPT_8_6	408.680378123362	-7.32289738087443	-7.632599246872	-1002.84300156025	12.7094859347836	-2.57577084120459	-2.02581348638167	194.764875950345	-0.30937734488132
138	CDBN_143_USPT_9_6	84.3673828394871	-6.93969848278605	-6.61564295332271	188.367865974946	6.79469509751116	-7.2615635647232	-0.276782119208934	12.5586463050991	-0.708862917195777
139	CDBN_144_USWA_20	45.0996727561356	-6.28906755696679	-6.75795156219593	-2168.86171826551	12.7871831839669	NA	3.52363636252088	43.9564374303042	NA
140	CDBN_145_C_20	-35.7835471459945	-7.44710626258098	-8.56054274404954	NA	8.43089086865522	NA	-1.55026024523961	5.02443932027723	0.717001178774958
141	CDBN_146_Fleetwood	80.6949702560577	-6.71367741633293	-3.8697736029955	-1011.57997922338	12.5867276404877	2.71680049635144	2.84657497168359	32.129242561344	-0.175937592516867
142	CDBN_147_USWA_50	600.541043965987	-10.170117822319	-10.574283901154	NA	13.617069552036	NA	-1.84976432946743	123.066589625706	1.54507020865762
143	CDBN_148_Valley	368.14496443459	-7.08637311667702	-8.00892555544946	NA	16.8705968038048	NA	-0.27754715848573	21.8862252921674	NA
144	CDBN_149_WYO166	424.829259280394	-7.54137846462412	-11.7575423479597	NA	8.22749948557361	NA	-4.35069566417837	152.038889375782	NA
145	CDBN_150_WYO167	512.654817274313	-6.83047498324654	-6.58638967261964	NA	16.045786450201	-0.273429533395515	0.180973430698639	18.4775975031631	-0.331961910938864
146	CDBN_151_Zircon	302.742660241188	-7.34607849401181	-7.46526111295727	NA	16.6102260793561	NA	-0.200596242333317	133.209269585745	-0.520541044746634
147	CDBN_152_Isabella	407.503969824359	-8.83006754457738	-10.434457709231	NA	10.0473430744641	NA	-1.83940259383984	162.338348583126	NA
148	CDBN_153_Sacramento	409.56429079595	-6.67376917702452	-9.86974467122848	-2646.17516396439	10.187120372356	-8.12378451648217	-3.11097652517852	132.3700836673	0.0629914672609927
149	CDBN_154_AC_Elk	521.516381710305	-8.79839610915268	-12.8524999585912	-587.686390510177	8.01559892002321	1.46542620670926	-3.80072081639678	165.256681716727	0.90737855440036
150	CDBN_155_Alpine	366.550523734852	-4.89634323529544	-7.07063882139288	-1504.04946203611	10.3370540631528	NA	-1.72381543271577	147.459408957268	-0.853510529256208
151	CDBN_156_K42	369.670670040928	-8.11950204908548	-11.24129532988	NA	3.94149769313558	NA	-2.94022110772039	181.08283532358	-1.26021921621172
152	CDBN_157_Lisa	434.170080119491	-8.71882529606098	-10.5828472462532	-1586.62013540003	4.46038087369338	-0.494852922983952	-1.7436283080152	154.390536803126	NA
153	CDBN_158_SilverCloud	152.018379852815	-6.65353517779743	-4.3347414545224	-71.402476882204	8.11244475948946	-4.27508451819354	3.06271657057209	44.0349058245612	0.561080429844909
154	CDBN_159_Beluga	450.422536054257	-5.75976854768462	-8.74268074799544	NA	16.8513316631932	NA	-2.99867104220236	132.287791166857	-0.0675079770539569
155	CDBN_160_NY_105	264.448866654215	-5.55835310617305	-9.05752069900905	-951.187798051354	11.1004646552285	-3.25816014222408	-3.58015745285921	63.1100834156103	-0.148101553572058
156	CDBN_161_Rosie	550.321208054269	-8.09962094918409	-7.6187324043375	-1190.75067275939	17.08294099498	-3.18676175146293	0.631592374958099	173.334298458783	0.301233869018175
157	CDBN_162_RoyalRed	158.845603991435	-5.34525300477588	-4.37079380526517	NA	3.59193398479702	NA	1.23340546191294	35.7218492876049	0.315750635515803
158	CDBN_163_Capri	-10.8184418338378	-7.64919415444191	-3.42688151446443	-1183.19667368049	8.09119589978715	-1.35974638924269	4.12450615084117	246.046356594295	0.0809142368958206
159	CDBN_164_Hooter	422.046008586609	-8.06387201310745	-12.4416517400166	-724.024795246508	18.1207610183774	3.10671245219829	-4.55855615360892	128.363704851949	-0.518985461034501
160	CDBN_165_Redhawk	449.739541693121	-8.51409339158372	-8.88237848952224	-1139.76637047237	5.6213998047613	-4.77892333017206	-0.122070665716346	228.718590063929	0.232606165646101
161	CDBN_166_RedKanner	712.895520925787	-5.26316217335837	-7.26865990259348	NA	23.8891435943256	0.504635240224458	-1.35967401267487	58.4191618548768	-0.27133086430955
162	CDBN_167_UCD_0801	138.701299264238	-6.14756663987826	-5.46211404698425	-1483.46412276505	7.73811911464559	-4.81691774911975	1.27391375270396	39.9744389483235	-0.271482103163722
163	CDBN_168_Blush	575.963515714515	-8.1021503694025	-8.79395314277376	-1388.13500692711	15.3257338545068	-5.78657757735403	-0.793830107281855	168.577473233932	0.914092326879209
164	CDBN_169_Hyden	729.437300185958	-7.12280706775378	-11.3764092982462	NA	16.2379012008996	-2.70464000758932	-3.85981479488718	146.989337258103	-0.787596353921955
165	CDBN_170_Cardinal	13.3142739749938	-6.17345893352569	-8.83052446690153	NA	NA	-9.25594302624935	-1.98128817953475	30.8637110807985	NA
166	CDBN_171_CELRK	601.114594523701	-8.69516403208141	-9.1947611948633	-460.97503952516	8.84857955532505	-0.795219078020843	-0.947779386673408	108.584710001675	0.506260275391128
167	CDBN_172_Majesty	644.992177944823	-9.30608936934732	-8.21626802177478	-1571.3693342059	18.1151312276638	-7.57332731418738	0.987130348075562	182.476095117116	0.574216245046552
168	CDBN_173_ND060197	272.751040041413	-4.95719649694321	-5.04390416510513	-327.986437737631	10.5204627235356	2.1614811248853	-0.843173068818325	123.27988412589	-0.355476228024642
169	CDBN_174_ND307	543.25306984177	-6.49624514037103	2.77581197357848	-1966.30247457566	10.392628017601	-1.23919079837714	7.91470276013191	138.645327059646	-0.0588972186552697
170	CDBN_175_OAC_Seaforth	81.9607949462581	-7.52507752727206	-5.72132242405616	-543.484183304127	16.949131664648	NA	1.9230164722358	50.1492698073399	0.946624196552317
171	CDBN_176_Sapphire	816.849999446772	NA	NA	NA	NA	NA	NA	NA	NA
172	CDBN_177_Topaz	178.933734837499	-8.56567242398097	-9.78393502125196	NA	NA	-2.66572514957604	-1.36328914468273	44.2743689766081	NA
173	CDBN_178_Seahawk	-169.801046582479	-7.28055317715804	-3.78368907520456	-1011.39159377345	9.66545891628202	-4.03576384114063	3.0305732110217	191.310577812473	-1.15910881229156
174	CDBN_179_Maverick	45.5151159608025	-0.528446716069929	-2.54048615164911	-719.365209720101	15.5850695875166	-5.04879458208285	1.85541926089236	16.5077370553468	-0.273762152866532
175	CDBN_180_Mayflower	794.671013267996	-7.15146812019969	-7.05720657231992	NA	NA	2.55637051252638	0.0896887214271207	146.446322990026	-0.582628721043673
176	CDBN_181_CO_11113	185.008704651773	-11.0826723289611	-7.5226274437954	-1266.70450013734	19.5174697274568	-2.59481375848086	1.25035723185376	188.870018282143	-1.05686322465453
177	CDBN_182_CO_1760	190.213534911451	-8.92507702332108	-13.8766586240867	-1179.35951358255	12.1339678097751	13.6318128204641	-5.69247989534529	159.147983964401	-0.896032702334193
178	CDBN_183_CO_27864	193.623225921608	-9.64005263267181	-9.6171209270832	-506.964381056044	13.7414480854636	0.0681767507103668	-0.497319027791137	150.673571832666	-0.491552635263218
179	CDBN_184_CO_33875	945.908273081229	-8.70432277332461	-3.09830936181564	-529.543242575486	17.5736752963748	-2.44319841522596	3.25037736659536	50.0798991344107	-0.281610868826151
180	CDBN_185_CO_91212_4	527.483253539442	-7.95529718115972	-5.95098772167546	-1360.16110395435	15.6768929144469	5.29340959170681	2.38285222691414	28.1117202885271	-0.136928753373108
181	CDBN_186_53026	625.81334501513	-8.54129296385401	-8.43704932077546	-871.983384046081	17.3127784363973	-7.74932179835696	0.788419176878492	160.373004473313	NA
182	CDBN_187_55063	472.315973497809	-9.48293193014905	-12.8687794032378	-1311.59234170215	12.8866502665884	NA	-3.76900155291367	146.9304182091	-0.540005719192802
183	CDBN_188_ISB_82_865	706.922447475464	-6.63722243384689	-8.73451107779184	-765.660951140562	15.2433588851213	-1.88860071512163	-2.7229173474139	162.873741333966	0.714851388549983
184	CDBN_189_OAC_Lyrik	-115.451749607256	-6.18477097016046	-6.84399656431478	-632.313873977552	12.1582489508271	-8.11918913957327	0.215456876485516	9.53476839253356	-0.591788248148544
185	CDBN_192_Rojo_Chiquito	641.876282718131	-6.51187306537961	-7.75859038718147	-1212.99422146141	10.2692636240687	NA	-2.30080506257887	162.695329187175	-0.795474842551481
186	CDBN_193_Kodiak	32.0027894408438	-9.15651134917047	-5.36374039788425	-1017.99119823633	5.20948881543916	-9.13104531587345	1.80646291301625	249.150165602393	-1.06211403282453
187	CDBN_194_Laker	510.244377462116	-7.66249412024115	-11.3526730055236	NA	14.627512006541	-6.3266216924323	-4.93468512890244	112.159044951538	0.181805449761134
188	CDBN_195_Lariat	129.792847947862	-7.43498846188428	-3.41776168441966	-2051.24205488322	12.3150170965319	-0.880616856531872	2.76978472181054	187.724990143984	-1.00433265771274
189	CDBN_196_LeBaron	548.882951814012	-8.77996944442966	-6.71763106992937	NA	13.5098514598071	-7.02872024506468	2.79393877238913	90.9511245789853	0.716694154709808
190	CDBN_197_Lightning	350.366494525547	-6.6344912403806	-8.59198438960662	889.735187995421	10.569942992412	-3.11156153250661	-3.72291657163687	102.140872146423	-1.03376901828828
191	CDBN_198_Merlot	638.653351129664	-7.92612266727237	-9.66213255042097	-930.958460833228	16.1385115333444	2.79152524468692	-3.20161338777855	141.071915277335	-1.18498952964466
192	CDBN_199_Montrose	497.76443824402	-4.86962933610778	1.34138222509507	-276.734771480128	5.81339534079853	1.59961949010984	6.85431626083885	142.298691896754	-0.278829860714049
193	CDBN_200_N05324	59.0582075366677	-10.5082692736443	-10.7932468013	-1155.99376438221	19.934859164361	-5.75648416945089	0.203391176275644	261.109664505296	-1.57459598770999
194	CDBN_201_Newport	904.543602524991	-5.51519160186457	-5.68040856446598	-1573.94371053585	2.98094953083124	-0.164908182988183	-0.604290061728557	185.223025721219	-0.136405380538157
195	CDBN_202_Nodak	NA	NA	NA	NA	18.3475802778806	NA	NA	NA	NA
196	CDBN_203_OAC_Laser	485.705854170393	-7.61267792041528	-7.31947864616996	-1415.22650577027	12.8381455863473	-7.65948106026796	0.156381691426046	29.6471176096758	0.174258848957308
197	CDBN_204_OAC_Rex	911.392121053625	-9.15169413167548	-5.55628604687553	-1235.32263411923	4.27410827524261	-0.41243675457306	2.83632737566873	147.035221737821	-0.269456974349029
198	CDBN_206_Quincy	159.454026058618	-5.2946690164894	-6.25018669257622	-874.375756107901	16.2542015383901	-6.52396344261061	-1.36757987192381	7.0495870680744	-0.338422925369721
199	CDBN_207_Raven	640.346814237186	-7.43923495206741	-9.95545259463358	-995.073940319658	15.3008952152355	NA	-2.43079981450841	149.108894663148	0.0253298728982297
200	CDBN_208_Roza	-125.25144986941	-8.35000604791681	-9.40758103777884	NA	14.0898474201496	-7.48412739872152	-0.468825504013505	-3.79571862606882	-0.30611513307607
201	CDBN_209_Sanilac	626.800986556815	-9.40142042890767	-12.805045803111	NA	12.0732594991432	NA	-4.13469120858211	153.299401384696	NA
202	CDBN_210_Santa_Fe	682.650298603171	-9.58092756328654	-6.93139314242532	-2080.82367283589	26.8258067416262	-0.949570655872339	1.54852949722434	165.824336229831	0.325451362728605
203	CDBN_211_Sawtooth	-115.800075399589	-6.47780223102039	-7.99622571918063	-539.727721389762	11.6121083384319	-8.80907673594009	-0.933169088223293	4.71210870898493	-0.383561474245089
204	CDBN_212_Seabiskit	180.116153558601	-9.52968048678729	-17.2428896414856	-1513.24710928212	15.2421123505038	-11.1067988518227	-7.38980340659604	137.587478456706	-0.369299527934091
205	CDBN_213_Sedona	-114.851998219083	-7.7603204997764	-1.76252866036163	-2128.95525650766	12.8490538625554	0.654891027467916	4.76231280487798	268.088423883008	-1.03628426919085
206	CDBN_214_Sequoia	448.894249870379	-10.5783861298478	-15.1226944173666	-1474.92207632463	16.7672027883817	-8.05537198402944	-5.38277189640661	214.74719085584	0.668145636449519
207	CDBN_215_Shania	516.398633463872	-5.84848379469309	-1.37684413610975	-1323.47712821499	12.7594199462712	-0.875473165421668	4.69969774155803	41.056933277015	0.0831951861165571
208	CDBN_216_Shoshone	97.4566833695628	-6.77345141762742	-8.66453835195392	-1708.60630498463	13.8787803482527	NA	-2.60935939475622	-5.94305515891106	-0.456065004201486
209	CDBN_217_Stampede	192.970164448342	-6.3735683465809	-7.02507451570111	-963.420894861284	11.2895579355617	-2.81984740524131	-1.6825628092587	32.6300577276821	0.428717588911418
210	CDBN_218_UCD_9634	225.588251215033	-6.32603112034202	-4.97361162835291	-517.999568182359	12.3505348581404	NA	0.82565078241575	21.6869870528121	0.607304887241685
211	CDBN_219_UI111	454.33894815346	-3.75857086745804	-6.15091422943317	NA	16.8121739971538	NA	-2.29920262712241	186.036100072184	0.936814143441616
212	CDBN_220_UI126	224.208210815166	-8.17250353968967	-5.2408579478413	-1188.16900627488	16.6167699742258	0.42520507164216	3.11078259714807	48.115664209917	0.547037992363445
213	CDBN_221_UI196	78.5985728161489	-6.94914051128522	-5.77537158429096	NA	17.5516576467517	-2.13178787434397	0.275178006563824	200.290411240374	-0.272994262605932
214	CDBN_222_UI425	462.345756945442	-4.52760870865912	-12.0331335669142	NA	15.6755148847807	NA	-7.97223368359241	11.4722947829184	NA
215	CDBN_223_USPT_ANT_1	-428.800034790053	-6.8269791305481	-10.0015058784646	-247.703797975047	8.02901366519174	-14.2014859696484	-1.74129472821049	-14.1943273896918	NA
216	CDBN_224_USPT_CBB_1	135.12808571005	-8.03279617441552	-14.4460309689993	-1282.16701089021	13.0510594372599	-11.8577158385382	-4.85711142969892	37.5190235847644	NA
217	CDBN_225_USRM_20	-52.1171127042045	-6.72903845926236	-0.941798197754976	-527.528437690854	18.009878899871	-7.64144444050591	4.72131264415818	272.57982741711	-1.03026784745225
218	CDBN_226_USWA_12	484.748500430404	-6.74862188612589	-10.1180570822745	-902.855248885399	16.9031905690711	0.216727562171094	-3.3687755847581	163.32979269151	-0.544282916299064
219	CDBN_227_Victor	358.787408661448	-10.7166261935171	-14.615236458498	NA	11.3232878195922	NA	-3.93886330052176	115.709601907527	0.335375329773046
220	CDBN_228_Zorro	613.874823438519	-7.80899275869649	-4.3872315478658	-1096.69514521915	14.6282567342679	-2.08519770380516	1.92408244158462	184.4809053061	-0.892930410428507
221	CDBN_229_6R_42	271.031208582236	-10.1814246018129	-8.37587703205509	NA	11.8508880605173	NA	1.27632181298474	78.5994855319689	-0.479483496032069
222	CDBN_230_Ivory	527.776231800292	-9.59184393850301	-11.178465546996	NA	22.2690544105099	NA	-1.16599600587885	110.502377471038	NA
223	CDBN_231_JM126	330.952739466624	-10.1855682408627	-15.8611186129075	NA	12.7807941348954	-0.613949707663741	-6.10703499705666	181.726389575543	-0.258907650967746
224	CDBN_232_OAC_Gryphon	208.10103935503	-6.96069474859103	-3.58926058461597	NA	-3.02395099945823	-1.68082953001465	2.44304141192178	227.886348743514	-1.10367544433202
225	CDBN_234_UC_BTS_96114	-209.962967117341	-11.7974996480786	-11.5490944001178	NA	-0.11730977544249	-4.71117557961541	-1.27365769491028	204.115623123175	-2.03089922385263
226	CDBN_235_UCD_9623	391.923054238401	-6.53734255342225	-7.89427031467387	-1165.04927207623	23.5979587304382	NA	-1.71980339659385	205.600120557813	0.524311705272067
227	CDBN_236_Rosetta	198.491199995945	-7.31056025475734	-4.78354983790287	-1679.82187815343	18.9636081613285	NA	0.125260505051981	204.892618547839	-0.54521858548123
228	CDBN_237_Longs_Peak	24.8701155229779	-10.1176908420729	-6.3354472443559	-824.566693842216	14.5517188275882	-4.26468722109909	1.68632174100518	219.705439165478	-0.650736545708225
229	CDBN_238_Midnight	103.039430270213	-8.9159686780759	-12.7750622538106	NA	17.2823265935074	NA	-3.76320713973309	63.9406085389043	-0.0329090458117505
230	CDBN_239_Arthur	156.402326584469	-11.7424212522906	-9.56311497279034	NA	-0.798712633713608	-11.9080067344405	1.27686877287988	244.97947260229	-1.30911848849
231	CDBN_240_Norstar	648.434611227132	-7.07941589809415	-6.74148753992347	NA	16.1188403104427	3.11415388111222	4.76845405430716	115.826235205733	NA
232	CDBN_241_AC_Ole	410.848447431687	-10.3144259853508	-12.7790741435932	-1338.82917620905	14.5802872021014	-1.86206276022862	-2.53243784184877	116.825219957987	0.131011745421847
233	CDBN_242_AC_Pintoba	62.9555854483032	-11.2808578991406	-10.2407273844189	-840.311579414018	16.3306267222077	-9.33230706004549	-0.577399043475056	210.182754057414	-1.24978673009076
234	CDBN_243_Apache	19.7331607376894	-6.86710876975803	-10.3653251824366	-611.13089759684	20.1380465904771	-7.14913839789556	-3.65666128972906	170.536160169415	0.123746669258166
235	CDBN_244_Bandit	-96.2111352936549	-0.371935522781811	-1.71497412627149	-1706.76475869232	11.8468744940339	NA	-1.99252913952252	24.7623135851431	-0.229327235235542
236	CDBN_245_Bighorn	298.007967768762	-1.58156219995802	2.08151216865006	-1362.18329785744	16.396680119464	-4.77476938889162	5.39002216441904	-5.80905785192817	NA
237	CDBN_246_Blackhawk	-202.471746920236	-12.4634484516108	-17.3852272300714	-992.185289298384	14.4378196757901	NA	-4.60632843603036	175.87276210882	-1.4755031081161
238	CDBN_247_CDC_Crocus	-51.6621373135378	-8.2243896191274	-4.94465070861037	NA	17.1178943798324	NA	1.24835474816303	217.926505446511	-1.8546420231247
239	CDBN_248_CDC_Expression	4.90938456349736	-7.34311138088141	-8.42024936855752	-109.786363529925	9.5650399209996	NA	-1.04382354156962	30.9434540085369	-0.495345006635377
240	CDBN_249_CDC_Pinnacle	-27.1629357917635	-10.1421037792341	-10.9094315423051	-1020.12866231787	11.7985291119653	-13.0978717365177	0.31641932902983	-7.99604631227771	-0.0796017235570111
241	CDBN_250_CDC_Pintium	418.921504792532	-6.50653724701034	-9.73176645084416	-1148.72278105777	11.4317790858117	-4.75133320658501	-3.08415709191099	144.933692453539	1.3966638546528
242	CDBN_251_CDC_Rosalee	333.309111431189	-5.06759337406713	-4.52332007378943	-1786.84830698785	17.8264013770622	-5.21282690439549	0.986146332140835	0.332916608728591	0.145759342833642
243	CDBN_252_Condor	843.783251148219	-7.50341802137292	-9.58580686436599	75.6532339278696	-2.26122374032391	1.46607089507878	-1.66030948203596	145.98382323708	-0.345342184029994
244	CDBN_253_Coyne	439.88044666977	-8.91560172256259	-11.7883470164985	-452.703976811376	9.89689378302629	8.51067408937999	-2.80644419501195	153.561091396218	-0.0324766999900749
245	CDBN_254_Croissant	868.396288958857	-8.90251135815197	-1.27566682678518	NA	NA	-0.315460415251537	5.16115975733295	218.207686414629	0.117882562031843
246	CDBN_255_Eclipse	390.303432248453	-2.90968978746762	-1.83612428288022	-728.991274339317	8.6055670177922	3.76694809058038	2.61955911940114	79.0979342970891	-0.295900194925454
247	CDBN_257_Envoy	-140.323173492253	-8.35238515914125	-7.23939404893486	-967.098757558431	17.2498079731714	-15.7062336777767	1.22576338516818	54.335754078876	-0.315763175061946
248	CDBN_258_Fiesta	556.454735513685	-2.74780143790499	-2.32964086234992	NA	15.964494136119	NA	0.299142451796807	120.049643574459	NA
249	CDBN_259_Frontier	482.196463055322	-8.43417764513208	-8.97966684775597	NA	NA	-0.699918744203381	0.156443684077494	107.365621773103	-0.0531325998302563
250	CDBN_260_Gala	527.192416236698	-9.92837642529273	-8.39785340025479	NA	16.4016562613309	NA	0.897877930524146	129.788773779336	NA
251	CDBN_261_GN9_1	-90.4596022223812	-10.272544124482	-10.3759443178622	-1813.75657497939	11.9730844954931	-12.8696107419901	-0.0972548797291812	5.06314393319576	-0.489828301681412
252	CDBN_262_GN9_4	267.92085989802	-7.29499071344913	-5.41273315466654	-998.311355542064	7.95572840256365	0.594385016245519	1.77784065452301	43.9455272448216	-0.483942826805281
253	CDBN_263_Grand_Mesa	359.945822056455	-5.85099472831972	-5.73099072304026	NA	3.08809553082854	8.06283829640084	0.62234099949329	199.55194740105	NA
254	CDBN_264_Harold	354.332304480914	-7.00843134062907	-8.03050859189361	NA	18.2459375114916	NA	-1.25405856445057	200.254996739907	-0.0506826464383266
255	CDBN_265_Hatton	491.712046935862	NA	NA	-927.398375627438	18.0620708800164	NA	NA	NA	NA
256	CDBN_266_Holberg	414.065871984834	-3.67558734659357	-4.60024346919029	NA	20.650637139416	NA	-1.30674814074445	48.9791754645747	NA
257	CDBN_267_Huron	-60.2054761584606	-10.6027141421366	-10.1631648048957	-1367.61901616044	15.6673625703943	NA	-1.48205116907554	211.06993017538	-1.27908080480101
258	CDBN_268_ICB_10	-25.965028804508	-8.52356514132368	-4.67755948289992	-2210.00962223799	8.23192753101133	-0.0960001776642762	2.98955733334228	169.691762946563	-1.14300332248807
259	CDBN_269_IP08_2	727.520806079307	-9.54389446076656	-8.5642053633959	-1582.11165825754	10.5389128208718	-4.77815211325122	1.57042544248425	141.465188637105	1.51540043599254
260	CDBN_270_Jackpot	153.68479175677	-4.88789710813804	-2.44509639450877	NA	NA	12.2914388492344	7.88836764483844	180.597194352366	NA
261	CDBN_271_Jaguar	196.910161379508	-9.5783579540717	-7.37979875063833	-662.365811446902	5.51414157266467	-1.69375295204384	0.0376328867201585	203.006579525345	-0.777763711840193
262	CDBN_272_Kimberly	748.431381963517	-8.78469248495256	-11.1102548435124	758.180663954589	8.4334019540084	-0.820969359725447	-3.96461062340967	148.227048659667	-0.902838738551841
263	CDBN_273_Vista	168.67302186459	-8.36146763285246	-14.3696993970245	-1283.63669796884	12.3636514854761	-7.94358114481103	-7.51471251686664	157.512606266401	-0.617939858052994
264	CDBN_274_Viva	566.451608427847	-7.76372296502474	-7.12774174645666	-1102.601580289	9.76814528071441	-4.51482296527097	0.968089471546288	77.1255493154414	0.298476452145784
265	CDBN_275_Burke	19.9773883800918	-3.1972916172833	-0.980739544807976	-1758.3452139976	6.42359642183235	0.125194048422346	1.85770011382111	5.13026618860586	-0.815067695201378
266	CDBN_276_JM24	597.50522987847	-7.01590435550328	-8.15249771959009	NA	19.5507170628308	-3.76288034112159	-1.47373718300417	133.409953155101	-0.305045306161134
267	CDBN_277_AC_Mast	419.227770999934	-7.08430909470774	-6.38427449469065	-775.964325481936	8.50245056023168	-9.09845758185239	-0.823813491360772	50.324281566302	-0.256887537129986
268	CDBN_278_Chinook2000	234.514685103407	-5.64411680086613	-0.83146297371102	NA	3.18184352299127	0.86664560612307	1.92078058117036	129.341680730596	NA
269	CDBN_279_Cran09	603.154992602686	-5.84298934129944	-6.2154153889367	NA	19.3127717031871	2.06594993298891	-1.42918687038425	119.584000795479	-1.23924830640977
270	CDBN_280_K407	194.067242681915	-5.30076304753569	-9.17516632361771	-1107.39323325525	10.4842303324034	0.766397366760909	-3.98212979003749	73.952918060647	-0.571998690672014
271	CDBN_281_K59	347.026923533736	-3.16778259348369	-4.32407635825593	-1012.81298105178	11.1688517375792	-4.99402049392076	-1.48678937783072	53.4187924370658	-1.10077129975625
272	CDBN_282_Kamiakin	150.497771071703	-5.48503074441399	-5.72001738015933	NA	18.8884067341347	NA	0.388366417933399	167.73310137817	-0.863234561143535
273	CDBN_283_Kardinal	-77.6762802546635	-11.4637900118972	-9.69869510204218	NA	NA	-10.2557543386948	0.704718328020321	198.590650494425	NA
274	CDBN_284_Lassen	397.002463170281	-7.14378009450672	-11.2461369817551	-1397.2016149302	13.9818434999641	15.7194713260961	-4.14186299307028	145.572774254344	0.263730155477379
275	CDBN_285_Montcalm	927.755254451062	-5.59440443797139	-6.84744758928291	-844.47573041126	18.2422105268005	-1.53094616582735	-2.14129001088294	145.672066169791	-0.212433574262395
276	CDBN_286_CDRK82	156.882288770859	-11.1182916998762	-14.867151511221	-50.8817340857901	11.3476873053458	-0.168199018702369	-4.48554082734646	89.319811022444	-0.23916284241633
277	CDBN_287_Centralia	475.83846957572	-5.12540456407915	-5.7093931361487	-973.215878456557	8.96860449998526	-9.21466068139989	-0.530703164937832	52.5866906313826	-0.17269124489045
278	CDBN_288_Cygnus	614.950532081938	-7.1434331538741	-9.5463380495776	-491.116009428582	10.2732161867063	-3.93877702349436	-2.84741716078055	202.147010932689	-0.473435391480217
279	CDBN_289_Harowood	536.909911469909	-8.26602478631249	-4.38091720620566	-986.223971182674	9.11038517984168	NA	3.45144619997471	203.275013949423	-0.468637888652336
280	CDBN_290_UI259	435.128250321647	NA	-6.60090319755301	-1620.88604667255	9.7281765032945	NA	NA	120.111901972997	NA
281	CDBN_291_UI722	491.752791810287	-10.321281159915	-14.7275126265183	-1699.78586281909	15.340258556173	-1.81505913085141	-4.63576604141542	189.864041529926	0.277459144539284
282	CDBN_292_White_Kidney	719.329556479461	-8.70402258974609	-11.0944909788749	NA	17.939147593556	NA	-2.93098717489494	135.478338721794	-0.502246244650045
283	CDBN_293_AC_Compass	87.9927788625696	-7.36638859106523	-6.53982655680187	-946.873035002453	9.10634659941102	NA	-4.88201991467943	157.003769383587	NA
284	CDBN_294_Arapaho	353.81771592274	-8.63123905844197	-12.238843821527	-1697.3372502792	15.7938362978778	0.747840573041592	-3.72313603563574	166.934765950248	-0.695321253253579
285	CDBN_295_Avalanche	-8.37950129873224	-6.104813276003	-11.9274093997552	-1571.81780213584	8.32150523363389	-10.1729747544761	-5.78073487696597	38.5376511991376	-0.374915890260277
286	CDBN_296_Aztec	816.948669536221	-6.34792840233682	-12.8812891357707	-1334.34768145491	16.0715351218597	NA	-6.41031608596564	161.178210988189	1.1605883768027
287	CDBN_297_Beryl	487.878716560266	-6.8801550043846	-8.46227310447082	-737.115465741043	14.5346109594293	-7.40852659493183	-1.46040422966756	181.475124323951	0.295266024422174
288	CDBN_298_BillZ	277.920886492482	-3.2068210333067	-8.80575075585356	-725.058656009589	8.44923282206239	NA	-0.476363156131648	10.1641847524863	0.970239289310486
289	CDBN_299_Buster	364.876176532604	-8.49814476499633	-13.0570868464509	-870.2255692785	20.4053353913081	-4.24718711534837	-4.73387443787251	176.628485833583	0.281603481000767
290	CDBN_300_Chase	836.406375716704	-7.66151442122496	-11.266459674169	859.468311576913	0.957922409979884	-2.99679361574772	-5.7016147179275	122.223334118932	0.62715755171989
291	CDBN_301_Crestwood	781.596136900123	-9.55031490233208	-15.4743360196489	-1964.71047323177	19.8824800815886	2.47533761338025	-3.45438550939843	139.112361466613	NA
292	CDBN_302_Desert_Rose	245.803963991573	-5.46183962604226	2.45135466578396	-532.123229618301	6.64022728661775	-0.981318621955296	5.45202836984215	156.142235077706	-0.862711458220973
293	CDBN_303_Mackinac	344.531716841392	-8.1523561980981	-2.65058164492949	-745.227278378963	17.935274675431	-8.61106203434655	4.56834960128432	176.42129659776	-0.724629819351007
294	CDBN_304_Matterhorn	685.420094551396	-8.84758419029111	-11.933463478659	-2400.02158952526	7.59765637422688	-1.59072555067317	-2.95006213573096	191.667033118911	0.345418602792633
295	CDBN_305_Max	NA	NA	NA	-1740.60942411549	14.303651698168	NA	NA	NA	NA
296	CDBN_306_Olathe	93.6093099988803	-2.70560310161669	-7.37593241019863	-2621.81520645916	15.5023017074643	-15.6849004803073	-4.17434778903037	10.4604476782725	-0.189085148296441
297	CDBN_307_Shiny_Crow	200.501145387138	-11.3166166436006	-11.1545641916793	-1305.70588818126	9.55417429226883	-8.79343692204376	-1.2136110324752	200.309058983749	-0.953457665123895
298	CDBN_308_Sierra	547.792761267245	-9.93537071894674	-9.24284678808763	NA	20.2981548186489	7.31340087600244	3.74775000036761	113.371640569319	0.00272458120235676
299	CDBN_309_Starlight	550.712133063613	NA	NA	-2361.94930231853	14.673501310946	NA	NA	NA	NA
300	CDBN_310_T_39	309.209605146998	-6.38604845925381	-0.494160285495955	-1002.59003008765	18.0884220012149	-7.21219165653056	5.17826886144445	65.8581448354175	-0.43519018160897
301	CDBN_311_UI114	562.423758681985	-11.6015155941074	-14.7720088895214	-755.705536738829	7.4154086854498	-4.51872570916024	-4.25139867671896	168.677350942147	0.597551689288214
302	CDBN_312_UI239	733.988798094539	-5.61925371776265	-8.85510519713792	NA	16.2017798865343	NA	1.36682899845485	119.891605953671	1.09085428450533
303	CDBN_313_UI537	-54.6527019109577	-8.15432879970661	-8.95943197802921	-1563.32460626777	14.9693642047352	-2.18527672853723	-1.13067087381454	18.9481332348104	-0.554070816223189
304	CDBN_314_UI59	582.086914686323	-9.0297889932799	-10.6117204832864	-1222.94098730252	14.9605391310266	NA	-1.37859211260457	10.1500164527857	0.552602375672055
305	CDBN_315_UI906	255.97299916759	-10.8078250112073	-13.9108711697986	-840.709690752445	14.2339560270604	-3.74176980721323	-2.9697171517647	211.862261860646	NA
306	CDBN_316_UI911	111.084056202974	0.131733068978312	-0.775715562166914	NA	10.0680334017674	1.77155836811731	3.72636146932986	37.9843986084669	0.0847987668207194
307	CDBN_317_US1140	51.7028907370924	-7.18614263783578	-4.96776064690601	-1267.993575182	19.6950425391681	NA	0.305516207662961	126.256073448664	NA
308	CDBN_318_Weihing	738.818801339265	-8.03016682735739	-12.1608205275611	-1102.49161562395	20.4775693443576	-4.76349455139556	-0.111638261384856	120.88452034954	NA
309	CDBN_319_Yolano	311.465999296985	-10.5356811428421	-12.5904546050261	-412.628170152439	7.02351508476599	-1.03341239253781	-2.26493147857681	191.072132172224	-0.327527120656113
310	CDBN_320_115M	741.288195099051	-7.61788395947216	-7.28903112271165	-470.830345449545	15.7493605456764	-3.97448175391126	0.765326284732145	137.182854061109	0.736170524287298
311	CDBN_321_Black_Jack	440.584856342369	-4.35593555306622	-5.48623441831907	NA	2.77212475888224	-2.05167044396845	-1.40862960342033	54.2555674562448	-0.322661963826174
312	CDBN_322_Harblack	379.28713371941	-2.45568756692208	-4.51636524598077	-1382.5584572998	7.86836632478044	2.38121739582119	-1.90046193625083	49.2371648559192	-0.123804977366207
313	CDBN_323_Harris	373.85262658071	-10.6399278170558	-11.9287957338386	-778.775559696337	19.7407467124065	1.78154976291677	2.523636404482	188.596026938713	NA
314	CDBN_324_NW63	-7.93233733167476	-10.4573126162444	-14.1803071922121	-1080.91652479701	9.45983979403295	-8.63553211809445	-0.357110334597775	-14.4219944547651	NA
315	CDBN_332_COSD_7	424.043128283578	-8.12337353448749	-5.55074544745482	NA	NA	0.273713233323551	2.22798181185994	149.164616056335	0.440870782541736
316	CDBN_339_Dynasty	434.538514059108	-10.478389809729	-15.6793853966003	NA	NA	NA	-4.91705353274867	154.884757754424	-0.149206310898291
317	CDBN_342_PT9_5_6	699.446845351302	-8.04421652535626	-10.7231612819692	NA	NA	-8.56005168465924	-2.57698266425525	184.369655146732	0.50638662404538
318	CDBN_343_USPT11_13	263.734493262457	-8.78729648253066	-7.19480560846343	-955.887466510475	7.98421821936088	NA	0.916560588248315	50.9482947283342	0.206360745372273
319	CDBN_345_COSD_35	604.415824636852	-10.9206750965498	-11.4877147698435	NA	NA	-2.80028361426564	-0.415454407671661	120.598701593193	0.108612506898233
320	CDBN_349_Zenith	173.703870833097	-8.89025628247858	-10.0875497693424	NA	NA	-12.3515477787074	-1.53350260608812	178.658433273257	-0.545143133984556
321	CDBN_351_Alpena	-3.08422495044504	-11.7768683831235	-8.8264983907576	NA	NA	-14.8637039977897	1.73111746753922	188.481909814823	-1.23267518701621
322	CDBN_353_USPT_7_8	23.5324808442899	-9.96216913180758	-11.0594320513342	-1450.40827674509	10.9915188548742	-15.1000240761023	-2.34983663859304	63.5586135696381	-0.293937488338628
