Taxa	SY	DF	DM	BM
1	CDBN_001_1543	408.510961169747	-7.25440134569523	-8.57073612650431	-146.016033948543
2	CDBN_002_2242	388.374428536292	-2.63196230285521	-2.66264026255483	-935.194362523738
3	CDBN_003_5229	232.205851416111	NA	-6.96850937975624	NA
4	CDBN_004_5501	469.138907301168	-10.611168508168	-12.7358956208482	NA
5	CDBN_005_54028	628.311788023929	-4.05283300493477	-3.5328240374968	-896.093936218243
6	CDBN_006_55012	318.10339083522	-3.07082113254712	-3.1947464648969	-930.324592262587
7	CDBN_007_88728	412.042071313776	-7.92491237831453	-6.07862349059393	-463.083217289092
8	CDBN_008_87_1116	579.565778789545	-5.76383989521305	-9.30605973340631	-1084.47095495422
9	CDBN_009_88_409	681.908951211671	-5.93821567055573	-6.39292848564381	-1133.03173472426
10	CDBN_010_93_207G	400.627913918996	-5.85951589027137	-6.4896838182144	-128.299588240539
11	CDBN_011_93_208G	-293.742101464961	-7.15379209842035	-11.923384979125	NA
12	CDBN_012_93_219P	350.44596532062	-6.96057541911742	-6.00659592971781	-214.250296953747
13	CDBN_013_94_1009P	192.107177101608	-8.14871823066824	-11.3392242495619	-801.729975735025
14	CDBN_014_97_409P	372.845126077261	-9.49232057850194	-8.07279757800092	358.939442098878
15	CDBN_015_98_163G	371.241066279088	-8.98730145076345	-17.7158217232132	NA
16	CDBN_016_98_209G	232.466139714083	-6.73355737427114	-6.04737044617595	NA
17	CDBN_017_CO_64342	386.607010317846	-6.16146443799112	-4.81699944771854	-1290.34573131958
18	CDBN_019_CPC_00153	-87.6690119552572	-8.00324729385696	-4.34026653517663	-2766.36830472458
19	CDBN_020_CPC_00247	92.305677136383	-8.08931884323663	-4.25211097819447	-358.333829841783
20	CDBN_021_CPC_00250	560.101080810425	-8.20931639520693	-7.6587111542267	NA
21	CDBN_022_Cran34	637.279167889228	-6.26407112888517	-7.49513593982031	NA
22	CDBN_023_CU_M90	620.916294801782	-3.62930331940238	-4.60435231772049	NA
23	CDBN_024_Elizabeth	-19.0230813921197	-6.9971351779639	-2.77946135207835	NA
24	CDBN_025_Flamingo	48.7408874991571	-6.17639484571011	-8.0379479379985	-1045.3201755315
25	CDBN_026_Frigate	-353.379020240417	-9.13613741872068	-12.4168618716519	NA
26	CDBN_027_H9659_41_3	117.58337018505	-3.65164516490228	-7.02958030949308	NA
27	CDBN_028_H9673_87	189.498428575991	-8.36000187857841	-2.57606673801897	-1575.80204795595
28	CDBN_030_IS_4905_B	763.670617801835	-6.71828210343259	-6.987941415689	-242.188650939848
29	CDBN_031_IS_4907_Ba	148.51943648376	-6.44911387440435	-10.1574425480298	-1061.46612415239
30	CDBN_032_IS_4914_B	124.958898803638	-7.32029627342509	-10.2477151297285	-669.872847912922
31	CDBN_033_IS_4923_B	577.445399684872	-3.04924437981762	-3.83059530912485	NA
32	CDBN_034_IS_4924_B	503.707920978384	-8.17790764371669	-11.7670994223668	-1000.50419568226
33	CDBN_035_ISB_1145	-188.112921211934	-9.59224681514367	-3.88870823807072	-1807.42855320058
34	CDBN_036_ISB_1252	329.442414096627	-11.0704760389449	-9.68791520668552	-1148.48227753273
35	CDBN_037_ISB_1256	426.949706662268	-7.79149160120416	-3.74086971240203	-791.366879722526
36	CDBN_038_ISB_1614	74.8793184321378	-9.31634387162574	-10.6160272214638	-200.510764682308
37	CDBN_039_ISB_1814	721.329735847482	-7.00373530098713	-6.74084935986016	-641.860541571932
38	CDBN_040_ISB_2001	272.338683638683	NA	-12.2819305719395	-1251.56609955305
39	CDBN_041_ISB_23	558.163328853366	-9.15796791841439	-9.2416306487207	-216.673828775079
40	CDBN_042_ISB_254_1	793.789982562877	-10.1826720272683	-14.0940769441719	-644.466367935729
41	CDBN_043_ISB_254_4	282.704682054883	-3.67833173372168	-8.56171446915363	-1446.93822121843
42	CDBN_044_ISB_2598	467.2807986695	-8.65787594697439	-13.1686570087504	-757.335050262428
43	CDBN_045_ISB_486	223.969632050382	-1.05756975290456	-3.8022188722747	-1104.27363035416
44	CDBN_046_ISB_5172	890.207969336503	-8.55472105138752	-9.37989875265288	NA
45	CDBN_047_ISB_565	193.302770330992	-3.70630770160463	-7.03641492797054	NA
46	CDBN_048_ISB_5893	223.07117189281	-7.00293383758282	-2.69548430347943	NA
47	CDBN_049_UNS_117	-46.4483061907381	-5.43101903246291	-5.19060159373331	-853.619657879443
48	CDBN_050_Aurora	411.419170955709	-2.10301531561361	-4.82061095473607	-1042.09530661949
49	CDBN_051_AC_Calmont	338.694435088497	-4.01055090009422	-3.13444323203543	NA
50	CDBN_052_Canario707	448.223861226358	-6.85649010279663	-8.97965719519095	-1820.54189145223
51	CDBN_053_UI320	245.135390276787	-1.50603824349625	-2.30040679971643	-1717.66014579029
52	CDBN_055_IP09_3	195.213056046149	-6.05491460338608	-5.20091407138251	-1154.25303462287
53	CDBN_056_Jet_Black	1025.69101369735	-4.94766742823036	-2.85867165480324	-440.000907551982
54	CDBN_057_Linden	-25.6007325940275	-8.27450065692155	-3.91721597635948	NA
55	CDBN_058_Rio_Rojo	238.462216345944	-5.7051643510701	-6.31474306868314	-1070.04207798065
56	CDBN_059_SF103_8	740.441434762075	-7.82035321266786	-10.8990178156858	-1117.18408437334
57	CDBN_060_Talon	71.2013131823171	-11.5158098810671	-10.4890522500185	-1658.1152122128
58	CDBN_061_Yeti	475.963306315915	-4.73347093063542	-1.70375988738029	-890.69234613876
59	CDBN_062_Fathom	371.523375755912	-7.1348194712542	-11.0973626074247	-547.476849331299
60	CDBN_063_OAC_Inferno	613.732013617156	-8.35532007320809	-8.84869411700907	-404.851663235309
61	CDBN_064_Rexeter	223.51160321667	-7.31720414957102	-5.43881787582206	106.980595483457
62	CDBN_065_UI465	243.028327067329	-6.52885579418347	-4.87156565602322	-1890.44982599729
63	CDBN_066_Bellagio	224.168156675614	-6.52257312987232	-7.50927840959919	-153.631347568318
64	CDBN_067_ElDorado	439.903749674879	-2.35145646531854	-2.80841828303532	-902.174028986225
65	CDBN_068_Gypsy_Rose	429.119146528057	-8.45125970259543	-9.78927490753586	-768.84370786777
66	CDBN_069_Powderhorn	562.357024185611	-9.05805211722365	-13.7051063275593	-315.178699233944
67	CDBN_070_R12859	135.36033964283	-6.27639742751812	-5.62094630619565	-721.745929704661
68	CDBN_071_Snowdon	669.662738305371	-5.51151302355808	-8.77648953441494	-1591.5389144728
69	CDBN_072_ISB_672	371.734259711271	-12.0270693344472	-16.0070819476088	51.2815143546889
70	CDBN_073_ISB_721	340.225860824334	-8.26206213080635	-13.962884382282	-1141.82995635183
71	CDBN_074_ISB_782	459.163767412904	-3.99045271557696	-6.80477107960159	-694.171820101751
72	CDBN_075_ISB_782_1	504.173148741137	-8.4012367962884	-7.12272950459824	-499.681941317896
73	CDBN_076_LB_4813_B	221.779555310871	-7.73733648882435	-11.5258900130811	-1218.50029338947
74	CDBN_077_LB_4815_B	494.198885303821	-8.29117980183442	-6.97944141130567	-1655.09413758166
75	CDBN_078_Mogul	450.71902886861	-11.063568606404	-15.7097514735681	-1837.83608475074
76	CDBN_079_Nichols	40.3129704247547	-4.00410583651321	-3.49899321632525	NA
77	CDBN_080_Panther	243.03310070973	-8.10174273627894	-10.1341938283231	-1656.93538984886
78	CDBN_081_Sprint	699.328606097507	-4.30960487828515	-7.47405458350485	-1504.20114125499
79	CDBN_082_UIP7_24P_1P	673.127478002346	-9.04518178260806	-14.2954355822928	-1250.85982828882
80	CDBN_083_USPT_11_9	-23.1129503313914	-6.11870321474284	-7.09545142317173	-917.986936548509
81	CDBN_084_USPT_7_3	648.363086080489	NA	-6.50843470447411	NA
82	CDBN_085_USPT_9_18	186.223492429975	-8.19824346765761	-6.57606614266488	-1427.21926814141
83	CDBN_086_USWA_11	372.876166766776	-10.8649115919532	-17.2352624387913	-2108.75865971611
84	CDBN_087_USWA_70	311.281389304996	-12.1491625963016	-12.6078745416932	NA
85	CDBN_088_USWA_75	505.95988755822	-7.44393987905914	-6.0465703022865	NA
86	CDBN_089_Claret	183.582251915881	-8.45286997476095	-9.56388368043525	NA
87	CDBN_090_Redkloud	436.265288510459	-5.91905801410913	-8.05161161675184	-3355.32002968379
88	CDBN_091_1062_V98	384.897772641689	-9.87807204079169	-10.9865127424632	-1274.61640512495
89	CDBN_092_1132_V96	18.3540339555581	-8.94282649700711	-13.2489991359919	-1126.53183261
90	CDBN_093_Isles	548.757359217123	-6.2491445549092	-10.7570944232089	-1698.13731436192
91	CDBN_094_UCD_9830	358.521760534423	-8.76439376900819	-6.58762358636321	-1047.80938292627
92	CDBN_095_Othello	597.049093157821	-10.4411577113696	-13.308394551196	-588.861111126598
93	CDBN_096_Hungerford	991.215761577612	-7.62254962999946	-1.21168147300798	7.85801232333859
94	CDBN_097_Gryphon	276.960055649755	-7.11395269318574	-5.73813596844782	NA
95	CDBN_098_OAC_Thunder	-64.0551972380679	-9.73298373450448	-7.08421240712892	-1447.91912012421
96	CDBN_099_4533	11.8524081405603	-9.99568643984801	-4.77544602578784	NA
97	CDBN_100_6123	220.235121651163	-6.83316138123684	-13.9521828197548	NA
98	CDBN_101_79146	91.8929645885575	-6.8120994075786	-11.5792226718549	NA
99	CDBN_102_83B16	286.990249417027	-6.8076274496263	-5.1151202115482	NA
100	CDBN_103_CO_12601	311.613533636791	-2.54769917267106	-1.3242098662198	NA
101	CDBN_104_D76125	559.245677763874	-9.15091482160387	-9.33786225256944	NA
102	CDBN_105_D77135B	199.029817190896	-5.01196218192365	-5.99482399648886	NA
103	CDBN_106_D77196	-70.3208580406055	-5.37520516309054	3.15533449016183	NA
104	CDBN_107_D79054	-63.7770153345685	-8.81858164344421	-3.01865263836613	NA
105	CDBN_108_GH760	435.983166894703	-6.72250124634199	-9.63980443219696	NA
106	CDBN_109_ISB_1	449.29401000549	-5.4343185918667	-5.5727693841569	NA
107	CDBN_110_ISB_459	302.968291213439	-6.59205218288295	-1.4564713418997	NA
108	CDBN_111_ISB_730	112.167165822766	-6.16063394633484	-3.53421612319037	NA
109	CDBN_112_MRK44	483.016150121139	-6.57110357369628	-7.65673142625982	-1544.66668874177
110	CDBN_113_N81017	855.295977085083	-7.79469451966342	-11.6616491108142	NA
111	CDBN_115_AC_Skipper	263.84762128679	-4.51898096680576	-9.99767989189169	-1616.93652854439
112	CDBN_116_AC_Trident	-63.9658399215596	-6.34646582865768	-9.65737703962565	-933.586846383616
113	CDBN_117_Agate	654.035104016916	-9.92135388261718	-12.1190225769421	NA
114	CDBN_118_Amber	777.829466453384	-3.3740788055975	-4.46868561076303	NA
115	CDBN_120_CO_33142	409.197028352731	-3.49350694146776	-6.58449838819577	-961.039299829663
116	CDBN_121_Comet	-35.7148685693865	-12.3042067762154	-15.4685842286364	NA
117	CDBN_122_Ebony	79.1819541950202	-1.45068190673997	-5.38778131669437	NA
118	CDBN_123_Fiero	275.812459004811	-7.45920294780237	-8.99236994405518	-1737.70963538751
119	CDBN_124_Fleetside	552.900446674182	-5.74878603454444	-6.78333941943402	-553.653999772127
120	CDBN_125_H9659_21_1	382.584646513059	-6.03335791355978	-8.93022794731373	NA
121	CDBN_126_H9659_23_1	587.615185421104	-4.96012682071638	-5.25852447643445	NA
122	CDBN_127_H9659_37_2	163.6267592749	-0.768712203724257	-7.35576353986176	-1968.54449470171
123	CDBN_128_L94C356	-51.7991272469387	-9.41392485816051	-7.74021904907872	-665.024580794469
124	CDBN_129_L95F025	379.177200492853	-6.53664211792365	-5.44990960371535	NA
125	CDBN_130_Monument	674.819927990791	-8.2214209301108	-10.5768984098112	NA
126	CDBN_131_Opal	588.488150002366	-3.53590464667686	-8.94956303606343	NA
127	CDBN_132_Pulsar	506.633797152685	-5.45079684486232	-9.90440443417685	NA
128	CDBN_133_RS101	540.952382207635	-8.69474755727121	-8.827257124662	-2090.38623876379
129	CDBN_134_Shetland	-434.54740351349	-11.0195157927946	-8.1238358491214	-1539.70934107943
130	CDBN_135_Spinel	197.929773502939	-6.4310222221053	-9.75227775226558	NA
131	CDBN_136_UI137	401.00755010167	-4.62506773840677	-5.7221719028436	-1003.27597211345
132	CDBN_137_UI36	532.095544913638	-8.3785111674403	-10.6446303191647	NA
133	CDBN_138_USBK_CBB_5	328.228882284173	-7.08634442251296	-6.42446666571087	-1086.30073270066
134	CDBN_139_USPK_7_4	425.227486238096	-6.19486937686049	-6.42658175388154	-1757.80971179425
135	CDBN_141_USPT_8_15	766.11982432645	-6.68828553005686	-8.70721072329868	-35.8263114592056
136	CDBN_142_USPT_8_6	408.680378123362	-7.32289738087443	-7.632599246872	-1002.84300156025
137	CDBN_143_USPT_9_6	84.3673828394871	-6.93969848278605	-6.61564295332271	188.367865974946
138	CDBN_144_USWA_20	45.0996727561356	-6.28906755696679	-6.75795156219593	-2168.86171826551
139	CDBN_145_C_20	-35.7835471459945	-7.44710626258098	-8.56054274404954	NA
140	CDBN_146_Fleetwood	80.6949702560577	-6.71367741633293	-3.8697736029955	-1011.57997922338
141	CDBN_147_USWA_50	600.541043965987	-10.170117822319	-10.574283901154	NA
142	CDBN_148_Valley	368.14496443459	-7.08637311667702	-8.00892555544946	NA
143	CDBN_149_WYO166	424.829259280394	-7.54137846462412	-11.7575423479597	NA
144	CDBN_150_WYO167	512.654817274313	-6.83047498324654	-6.58638967261964	NA
145	CDBN_151_Zircon	302.742660241188	-7.34607849401181	-7.46526111295727	NA
146	CDBN_152_Isabella	407.503969824359	-8.83006754457738	-10.434457709231	NA
147	CDBN_153_Sacramento	409.56429079595	-6.67376917702452	-9.86974467122848	-2646.17516396439
148	CDBN_154_AC_Elk	521.516381710305	-8.79839610915268	-12.8524999585912	-587.686390510177
149	CDBN_155_Alpine	366.550523734852	-4.89634323529544	-7.07063882139288	-1504.04946203611
150	CDBN_156_K42	369.670670040928	-8.11950204908548	-11.24129532988	NA
151	CDBN_157_Lisa	434.170080119491	-8.71882529606098	-10.5828472462532	-1586.62013540003
152	CDBN_158_SilverCloud	152.018379852815	-6.65353517779743	-4.3347414545224	-71.402476882204
153	CDBN_159_Beluga	450.422536054257	-5.75976854768462	-8.74268074799544	NA
154	CDBN_160_NY_105	264.448866654215	-5.55835310617305	-9.05752069900905	-951.187798051354
155	CDBN_161_Rosie	550.321208054269	-8.09962094918409	-7.6187324043375	-1190.75067275939
156	CDBN_162_RoyalRed	158.845603991435	-5.34525300477588	-4.37079380526517	NA
157	CDBN_163_Capri	-10.8184418338378	-7.64919415444191	-3.42688151446443	-1183.19667368049
158	CDBN_164_Hooter	422.046008586609	-8.06387201310745	-12.4416517400166	-724.024795246508
159	CDBN_165_Redhawk	449.739541693121	-8.51409339158372	-8.88237848952224	-1139.76637047237
160	CDBN_166_RedKanner	712.895520925787	-5.26316217335837	-7.26865990259348	NA
161	CDBN_167_UCD_0801	138.701299264238	-6.14756663987826	-5.46211404698425	-1483.46412276505
162	CDBN_168_Blush	575.963515714515	-8.1021503694025	-8.79395314277376	-1388.13500692711
163	CDBN_169_Hyden	729.437300185958	-7.12280706775378	-11.3764092982462	NA
164	CDBN_170_Cardinal	13.3142739749938	-6.17345893352569	-8.83052446690153	NA
165	CDBN_171_CELRK	601.114594523701	-8.69516403208141	-9.1947611948633	-460.97503952516
166	CDBN_172_Majesty	644.992177944823	-9.30608936934732	-8.21626802177478	-1571.3693342059
167	CDBN_173_ND060197	272.751040041413	-4.95719649694321	-5.04390416510513	-327.986437737631
168	CDBN_174_ND307	543.25306984177	-6.49624514037103	2.77581197357848	-1966.30247457566
169	CDBN_175_OAC_Seaforth	81.9607949462581	-7.52507752727206	-5.72132242405616	-543.484183304127
170	CDBN_176_Sapphire	816.849999446772	NA	2525.82658609939	NA
171	CDBN_177_Topaz	178.933734837499	-8.56567242398097	-9.78393502125196	NA
172	CDBN_178_Seahawk	-169.801046582479	-7.28055317715804	-3.78368907520456	-1011.39159377345
173	CDBN_179_Maverick	45.5151159608025	-0.528446716069929	-2.54048615164911	-719.365209720101
174	CDBN_180_Mayflower	794.671013267996	-7.15146812019969	-7.05720657231992	NA
175	CDBN_181_CO_11113	185.008704651773	-11.0826723289611	-7.5226274437954	-1266.70450013734
176	CDBN_182_CO_1760	190.213534911451	-8.92507702332108	-13.8766586240867	-1179.35951358255
177	CDBN_183_CO_27864	193.623225921608	-9.64005263267181	-9.6171209270832	-506.964381056044
178	CDBN_184_CO_33875	945.908273081229	-8.70432277332461	-3.09830936181564	-529.543242575486
179	CDBN_185_CO_91212_4	527.483253539442	-7.95529718115972	-5.95098772167546	-1360.16110395435
180	CDBN_186_53026	625.81334501513	-8.54129296385401	-8.43704932077546	-871.983384046081
181	CDBN_187_55063	472.315973497809	-9.48293193014905	-12.8687794032378	-1311.59234170215
182	CDBN_188_ISB_82_865	706.922447475464	-6.63722243384689	-8.73451107779184	-765.660951140562
183	CDBN_189_OAC_Lyrik	-115.451749607256	-6.18477097016046	-6.84399656431478	-632.313873977552
184	CDBN_192_Rojo_Chiquito	641.876282718131	-6.51187306537961	-7.75859038718147	-1212.99422146141
185	CDBN_193_Kodiak	32.0027894408438	-9.15651134917047	-5.36374039788425	-1017.99119823633
186	CDBN_194_Laker	510.244377462116	-7.66249412024115	-11.3526730055236	NA
187	CDBN_195_Lariat	129.792847947862	-7.43498846188428	-3.41776168441966	-2051.24205488322
188	CDBN_196_LeBaron	548.882951814012	-8.77996944442966	-6.71763106992937	NA
189	CDBN_197_Lightning	350.366494525547	-6.6344912403806	-8.59198438960662	889.735187995421
190	CDBN_198_Merlot	638.653351129664	-7.92612266727237	-9.66213255042097	-930.958460833228
191	CDBN_199_Montrose	497.76443824402	-4.86962933610778	1.34138222509507	-276.734771480128
192	CDBN_200_N05324	59.0582075366677	-10.5082692736443	-10.7932468013	-1155.99376438221
193	CDBN_201_Newport	904.543602524991	-5.51519160186457	-5.68040856446598	-1573.94371053585
194	CDBN_202_Nodak	NA	2285.26868614132	NA	NA
195	CDBN_203_OAC_Laser	485.705854170393	-7.61267792041528	-7.31947864616996	-1415.22650577027
196	CDBN_204_OAC_Rex	911.392121053625	-9.15169413167548	-5.55628604687553	-1235.32263411923
197	CDBN_206_Quincy	159.454026058618	-5.2946690164894	-6.25018669257622	-874.375756107901
198	CDBN_207_Raven	640.346814237186	-7.43923495206741	-9.95545259463358	-995.073940319658
199	CDBN_208_Roza	-125.25144986941	-8.35000604791681	-9.40758103777884	NA
200	CDBN_209_Sanilac	626.800986556815	-9.40142042890767	-12.805045803111	NA
201	CDBN_210_Santa_Fe	682.650298603171	-9.58092756328654	-6.93139314242532	-2080.82367283589
202	CDBN_211_Sawtooth	-115.800075399589	-6.47780223102039	-7.99622571918063	-539.727721389762
203	CDBN_212_Seabiskit	180.116153558601	-9.52968048678729	-17.2428896414856	-1513.24710928212
204	CDBN_213_Sedona	-114.851998219083	-7.7603204997764	-1.76252866036163	-2128.95525650766
205	CDBN_214_Sequoia	448.894249870379	-10.5783861298478	-15.1226944173666	-1474.92207632463
206	CDBN_215_Shania	516.398633463872	-5.84848379469309	-1.37684413610975	-1323.47712821499
207	CDBN_216_Shoshone	97.4566833695628	-6.77345141762742	-8.66453835195392	-1708.60630498463
208	CDBN_217_Stampede	192.970164448342	-6.3735683465809	-7.02507451570111	-963.420894861284
209	CDBN_218_UCD_9634	225.588251215033	-6.32603112034202	-4.97361162835291	-517.999568182359
210	CDBN_219_UI111	454.33894815346	-3.75857086745804	-6.15091422943317	NA
211	CDBN_220_UI126	224.208210815166	-8.17250353968967	-5.2408579478413	-1188.16900627488
212	CDBN_221_UI196	78.5985728161489	-6.94914051128522	-5.77537158429096	NA
213	CDBN_222_UI425	462.345756945442	-4.52760870865912	-12.0331335669142	NA
214	CDBN_223_USPT_ANT_1	-428.800034790053	-6.8269791305481	-10.0015058784646	-247.703797975047
215	CDBN_224_USPT_CBB_1	135.12808571005	-8.03279617441552	-14.4460309689993	-1282.16701089021
216	CDBN_225_USRM_20	-52.1171127042045	-6.72903845926236	-0.941798197754976	-527.528437690854
217	CDBN_226_USWA_12	484.748500430404	-6.74862188612589	-10.1180570822745	-902.855248885399
218	CDBN_227_Victor	358.787408661448	-10.7166261935171	-14.615236458498	NA
219	CDBN_228_Zorro	613.874823438519	-7.80899275869649	-4.3872315478658	-1096.69514521915
220	CDBN_229_6R_42	271.031208582236	-10.1814246018129	-8.37587703205509	NA
221	CDBN_230_Ivory	527.776231800292	-9.59184393850301	-11.178465546996	NA
222	CDBN_231_JM126	330.952739466624	-10.1855682408627	-15.8611186129075	NA
223	CDBN_232_OAC_Gryphon	208.10103935503	-6.96069474859103	-3.58926058461597	NA
224	CDBN_233_Star	-110723.271374621	NA	NA	NA
225	CDBN_234_UC_BTS_96114	-209.962967117341	-11.7974996480786	-11.5490944001178	NA
226	CDBN_235_UCD_9623	391.923054238401	-6.53734255342225	-7.89427031467387	-1165.04927207623
227	CDBN_236_Rosetta	198.491199995945	-7.31056025475734	-4.78354983790287	-1679.82187815343
228	CDBN_237_Longs_Peak	24.8701155229779	-10.1176908420729	-6.3354472443559	-824.566693842216
229	CDBN_238_Midnight	103.039430270213	-8.9159686780759	-12.7750622538106	NA
230	CDBN_239_Arthur	156.402326584469	-11.7424212522906	-9.56311497279034	NA
231	CDBN_240_Norstar	648.434611227132	-7.07941589809415	-6.74148753992347	NA
232	CDBN_241_AC_Ole	410.848447431687	-10.3144259853508	-12.7790741435932	-1338.82917620905
233	CDBN_242_AC_Pintoba	62.9555854483032	-11.2808578991406	-10.2407273844189	-840.311579414018
234	CDBN_243_Apache	19.7331607376894	-6.86710876975803	-10.3653251824366	-611.13089759684
235	CDBN_244_Bandit	-96.2111352936549	-0.371935522781811	-1.71497412627149	-1706.76475869232
236	CDBN_245_Bighorn	298.007967768762	-1.58156219995802	2.08151216865006	-1362.18329785744
237	CDBN_246_Blackhawk	-202.471746920236	-12.4634484516108	-17.3852272300714	-992.185289298384
238	CDBN_247_CDC_Crocus	-51.6621373135378	-8.2243896191274	-4.94465070861037	NA
239	CDBN_248_CDC_Expression	4.90938456349736	-7.34311138088141	-8.42024936855752	-109.786363529925
240	CDBN_249_CDC_Pinnacle	-27.1629357917635	-10.1421037792341	-10.9094315423051	-1020.12866231787
241	CDBN_250_CDC_Pintium	418.921504792532	-6.50653724701034	-9.73176645084416	-1148.72278105777
242	CDBN_251_CDC_Rosalee	333.309111431189	-5.06759337406713	-4.52332007378943	-1786.84830698785
243	CDBN_252_Condor	843.783251148219	-7.50341802137292	-9.58580686436599	75.6532339278696
244	CDBN_253_Coyne	439.88044666977	-8.91560172256259	-11.7883470164985	-452.703976811376
245	CDBN_254_Croissant	868.396288958857	-8.90251135815197	-1.27566682678518	NA
246	CDBN_255_Eclipse	390.303432248453	-2.90968978746762	-1.83612428288022	-728.991274339317
247	CDBN_257_Envoy	-140.323173492253	-8.35238515914125	-7.23939404893486	-967.098757558431
248	CDBN_258_Fiesta	556.454735513685	-2.74780143790499	-2.32964086234992	NA
249	CDBN_259_Frontier	482.196463055322	-8.43417764513208	-8.97966684775597	NA
250	CDBN_260_Gala	527.192416236698	-9.92837642529273	-8.39785340025479	NA
251	CDBN_261_GN9_1	-90.4596022223812	-10.272544124482	-10.3759443178622	-1813.75657497939
252	CDBN_262_GN9_4	267.92085989802	-7.29499071344913	-5.41273315466654	-998.311355542064
253	CDBN_263_Grand_Mesa	359.945822056455	-5.85099472831972	-5.73099072304026	NA
254	CDBN_264_Harold	354.332304480914	-7.00843134062907	-8.03050859189361	NA
255	CDBN_265_Hatton	491.712046935862	NA	NA	-927.398375627438
256	CDBN_266_Holberg	414.065871984834	-3.67558734659357	-4.60024346919029	NA
257	CDBN_267_Huron	-60.2054761584606	-10.6027141421366	-10.1631648048957	-1367.61901616044
258	CDBN_268_ICB_10	-25.965028804508	-8.52356514132368	-4.67755948289992	-2210.00962223799
259	CDBN_269_IP08_2	727.520806079307	-9.54389446076656	-8.5642053633959	-1582.11165825754
260	CDBN_270_Jackpot	153.68479175677	-4.88789710813804	-2.44509639450877	NA
261	CDBN_271_Jaguar	196.910161379508	-9.5783579540717	-7.37979875063833	-662.365811446902
262	CDBN_272_Kimberly	748.431381963517	-8.78469248495256	-11.1102548435124	758.180663954589
263	CDBN_273_Vista	168.67302186459	-8.36146763285246	-14.3696993970245	-1283.63669796884
264	CDBN_274_Viva	566.451608427847	-7.76372296502474	-7.12774174645666	-1102.601580289
265	CDBN_275_Burke	19.9773883800918	-3.1972916172833	-0.980739544807976	-1758.3452139976
266	CDBN_276_JM24	597.50522987847	-7.01590435550328	-8.15249771959009	228689.497358487
267	CDBN_277_AC_Mast	419.227770999934	-7.08430909470774	-6.38427449469065	-775.964325481936
268	CDBN_278_Chinook2000	234.514685103407	-5.64411680086613	-0.83146297371102	NA
269	CDBN_279_Cran09	603.154992602686	-5.84298934129944	-6.2154153889367	NA
270	CDBN_280_K407	194.067242681915	-5.30076304753569	-9.17516632361771	-1107.39323325525
271	CDBN_281_K59	347.026923533736	-3.16778259348369	-4.32407635825593	-1012.81298105178
272	CDBN_282_Kamiakin	150.497771071703	-5.48503074441399	-5.72001738015933	NA
273	CDBN_283_Kardinal	-77.6762802546635	-11.4637900118972	-9.69869510204218	NA
274	CDBN_284_Lassen	397.002463170281	-7.14378009450672	-11.2461369817551	-1397.2016149302
275	CDBN_285_Montcalm	927.755254451062	-5.59440443797139	-6.84744758928291	-844.47573041126
276	CDBN_286_CDRK82	156.882288770859	-11.1182916998762	-14.867151511221	-50.8817340857901
277	CDBN_287_Centralia	475.83846957572	-5.12540456407915	-5.7093931361487	-973.215878456557
278	CDBN_288_Cygnus	614.950532081938	-7.1434331538741	-9.5463380495776	-491.116009428582
279	CDBN_289_Harowood	536.909911469909	-8.26602478631249	-4.38091720620566	-986.223971182674
280	CDBN_290_UI259	435.128250321647	NA	-6.60090319755301	-1620.88604667255
281	CDBN_291_UI722	491.752791810287	-10.321281159915	-14.7275126265183	-1699.78586281909
282	CDBN_292_White_Kidney	719.329556479461	-8.70402258974609	-11.0944909788749	NA
283	CDBN_293_AC_Compass	87.9927788625696	-7.36638859106523	-6.53982655680187	-946.873035002453
284	CDBN_294_Arapaho	353.81771592274	-8.63123905844197	-12.238843821527	-1697.3372502792
285	CDBN_295_Avalanche	-8.37950129873224	-6.104813276003	-11.9274093997552	-1571.81780213584
286	CDBN_296_Aztec	816.948669536221	-6.34792840233682	-12.8812891357707	-1334.34768145491
287	CDBN_297_Beryl	487.878716560266	-6.8801550043846	-8.46227310447082	-737.115465741043
288	CDBN_298_BillZ	277.920886492482	-3.2068210333067	-8.80575075585356	-725.058656009589
289	CDBN_299_Buster	364.876176532604	-8.49814476499633	-13.0570868464509	-870.2255692785
290	CDBN_300_Chase	836.406375716704	-7.66151442122496	-11.266459674169	859.468311576913
291	CDBN_301_Crestwood	781.596136900123	-9.55031490233208	-15.4743360196489	-1964.71047323177
292	CDBN_302_Desert_Rose	245.803963991573	-5.46183962604226	2.45135466578396	-532.123229618301
293	CDBN_303_Mackinac	344.531716841392	-8.1523561980981	-2.65058164492949	-745.227278378963
294	CDBN_304_Matterhorn	685.420094551396	-8.84758419029111	-11.933463478659	-2400.02158952526
295	CDBN_305_Max	NA	NA	NA	-1740.60942411549
296	CDBN_306_Olathe	93.6093099988803	-2.70560310161669	-7.37593241019863	-2621.81520645916
297	CDBN_307_Shiny_Crow	200.501145387138	-11.3166166436006	-11.1545641916793	-1305.70588818126
298	CDBN_308_Sierra	547.792761267245	-9.93537071894674	-9.24284678808763	NA
299	CDBN_309_Starlight	550.712133063613	NA	NA	-2361.94930231853
300	CDBN_310_T_39	309.209605146998	-6.38604845925381	-0.494160285495955	-1002.59003008765
301	CDBN_311_UI114	562.423758681985	-11.6015155941074	-14.7720088895214	-755.705536738829
302	CDBN_312_UI239	733.988798094539	-5.61925371776265	-8.85510519713792	NA
303	CDBN_313_UI537	-54.6527019109577	-8.15432879970661	-8.95943197802921	-1563.32460626777
304	CDBN_314_UI59	582.086914686323	-9.0297889932799	-10.6117204832864	-1222.94098730252
305	CDBN_315_UI906	255.97299916759	-10.8078250112073	-13.9108711697986	-840.709690752445
306	CDBN_316_UI911	111.084056202974	0.131733068978312	-0.775715562166914	NA
307	CDBN_317_US1140	51.7028907370924	-7.18614263783578	-4.96776064690601	-1267.993575182
308	CDBN_318_Weihing	738.818801339265	-8.03016682735739	-12.1608205275611	-1102.49161562395
309	CDBN_319_Yolano	311.465999296985	-10.5356811428421	-12.5904546050261	-412.628170152439
310	CDBN_320_115M	741.288195099051	-7.61788395947216	-7.28903112271165	-470.830345449545
311	CDBN_321_Black_Jack	440.584856342369	-4.35593555306622	-5.48623441831907	NA
312	CDBN_322_Harblack	379.28713371941	-2.45568756692208	-4.51636524598077	-1382.5584572998
313	CDBN_323_Harris	373.85262658071	-10.6399278170558	-11.9287957338386	-778.775559696337
314	CDBN_324_NW63	-7.93233733167476	-10.4573126162444	-14.1803071922121	-1080.91652479701
315	CDBN_332_COSD_7	424.043128283578	-8.12337353448749	-5.55074544745482	NA
316	CDBN_339_Dynasty	434.538514059108	-10.478389809729	-15.6793853966003	NA
317	CDBN_342_PT9_5_6	699.446845351302	-8.04421652535626	-10.7231612819692	NA
318	CDBN_343_USPT11_13	263.734493262457	-8.78729648253066	-7.19480560846343	-955.887466510475
319	CDBN_345_COSD_35	604.415824636852	-10.9206750965498	-11.4877147698435	NA
320	CDBN_349_Zenith	173.703870833097	-8.89025628247858	-10.0875497693424	NA
321	CDBN_351_Alpena	-3.08422495044504	-11.7768683831235	-8.8264983907576	NA
322	CDBN_353_USPT_7_8	23.5324808442899	-9.96216913180758	-11.0594320513342	-1450.40827674509
323	rcept)	1964.60646304717	55.7992163968601	105.388220713282	6188.73697595478
