Taxa	SY	SW	HB	RU	SA	WM	BR	CB	CM	CT	EV	GH	PH	BM	DF	DM	HI	LG	SF
1	CDBN_353_USPT_7_8	-552.10678523565	-48.5815481347475	NA	-5.47106127685538	0.799603562624417	NA	NA	NA	NA	NA	-0.195080404083336	-0.739931864105327	11.3731325158481	398.013488254975	1.40554862982008	-0.351761156338894	-2.36064744002075	-0.335559553456135	1.59766832413867
2	CDBN_352_Samurai	NA	NA	NA	NA	NA	NA	NA	NA	NA	NA	NA	NA	NA	NA	NA	NA	NA	NA	NA
3	CDBN_351_Alpena	-120.228658690029	-167.197095738049	1.99999999809396	-2.50004115266715	1.11507997165033	NA	NA	-0.750000000036333	NA	NA	NA	NA	11.3693386725725	NA	0.80427223937755	2.41374881058517	NA	-1.6717353142361	1.91193600306852
4	CDBN_350_Lighthouse	NA	NA	NA	NA	NA	NA	NA	NA	NA	NA	NA	NA	NA	NA	NA	NA	NA	NA	NA
5	CDBN_349_Zenith	-217.22065869003	-165.974873515827	3.32999999809396	-4.11526728968217e-05	1.11507997165033	NA	NA	1.94999999996367	NA	NA	NA	NA	8.36933867257259	NA	1.47093890604421	3.84232023915661	NA	-1.1967353142361	2.11193600306851
6	CDBN_348_BK_11_8	NA	NA	NA	NA	NA	NA	NA	NA	NA	NA	NA	NA	NA	NA	NA	NA	NA	NA	NA
7	CDBN_347_XRAV_40_4	NA	NA	NA	NA	NA	NA	NA	NA	NA	NA	NA	NA	NA	NA	NA	NA	NA	NA	NA
8	CDBN_346_NE12_15_161	NA	NA	NA	NA	NA	NA	NA	NA	NA	NA	NA	NA	NA	NA	NA	NA	NA	NA	NA
9	CDBN_345_COSD_35	75.9953413099702	-14.9748735158267	2.65999999809396	-2.50004115266715	0.115079971650334	NA	NA	-1.50000000003634	NA	NA	NA	NA	4.36933867257255	NA	-1.86239442728911	3.69946309629949	NA	-0.196735314236103	4.11193600306852
10	CDBN_344_La_Paz	NA	NA	NA	NA	NA	NA	NA	NA	NA	NA	NA	NA	NA	NA	NA	NA	NA	NA	NA
11	CDBN_343_USPT11_13	775.020162447373	-15.5385361307392	NA	NA	0.88492002702884	NA	NA	NA	NA	NA	-1.10590193010804e-09	-0.499999999899879	6.63066133798839	464.999982973636	-0.162536761696543	1.13699333106395	2.99999987346851	-0.403264687253114	0.632748515359462
12	CDBN_342_PT9_5_6	623.227341309967	-34.197095738049	0.659999998093965	-4.50004115266289	1.11507997165033	NA	NA	-1.50000000003634	NA	NA	NA	NA	4.86933867257258	NA	1.30427223937754	2.27089166772804	NA	-0.996735314236099	0.711936003068518
13	CDBN_341_Cornell_612	NA	NA	NA	NA	NA	NA	NA	NA	NA	NA	NA	NA	NA	NA	NA	NA	NA	NA	NA
14	CDBN_340_DRK_1	NA	NA	NA	NA	NA	NA	NA	NA	NA	NA	NA	NA	NA	NA	NA	NA	NA	NA	NA
15	CDBN_339_Dynasty	-477.021941595068	122.090656350135	NA	-2.50004115266715	-0.517965292907784	NA	NA	NA	NA	NA	NA	NA	2.14333566410082	NA	-1.69800909513616	-0.27743527059446	NA	-0.664013121521523	2.60145196096584
16	CDBN_338_ACUG_14_1	NA	NA	NA	NA	NA	NA	NA	NA	NA	NA	NA	NA	NA	NA	NA	NA	NA	NA	NA
17	CDBN_337_ACUG_15_B4	NA	NA	NA	NA	NA	NA	NA	NA	NA	NA	NA	NA	NA	NA	NA	NA	NA	NA	NA
18	CDBN_336_ACUG_13_SR1	NA	NA	NA	NA	NA	NA	NA	NA	NA	NA	NA	NA	NA	NA	NA	NA	NA	NA	NA
19	CDBN_335_SR10_2_1	NA	NA	NA	NA	NA	NA	NA	NA	NA	NA	NA	NA	NA	NA	NA	NA	NA	NA	NA
20	CDBN_334_NE2_16_33	NA	NA	NA	NA	NA	NA	NA	NA	NA	NA	NA	NA	NA	NA	NA	NA	NA	NA	NA
21	CDBN_333_Palomino	NA	NA	NA	NA	NA	NA	NA	NA	NA	NA	NA	NA	NA	NA	NA	NA	NA	NA	NA
22	CDBN_332_COSD_7	-59.30065869003	9.69179315083999	1.32999999809396	-2.50004115266715	0.115079971650334	NA	NA	-1.50000000003634	NA	NA	NA	NA	3.36933867257252	NA	-1.52906109395578	-0.0148226179862275	NA	-0.646735314236099	2.11193600306852
23	CDBN_331_Staybright	NA	NA	NA	NA	NA	NA	NA	NA	NA	NA	NA	NA	NA	NA	NA	NA	NA	NA	NA
24	CDBN_330_DR_Wood	NA	NA	NA	NA	NA	NA	NA	NA	NA	NA	NA	NA	NA	NA	NA	NA	NA	NA	NA
25	CDBN_329_Twin_Falls	NA	NA	NA	NA	NA	NA	NA	NA	NA	NA	NA	NA	NA	NA	NA	NA	NA	NA	NA
26	CDBN_328_Nez_Perce	NA	NA	NA	NA	NA	NA	NA	NA	NA	NA	NA	NA	NA	NA	NA	NA	NA	NA	NA
27	CDBN_327_Black_Foot	NA	NA	NA	NA	NA	NA	NA	NA	NA	NA	NA	NA	NA	NA	NA	NA	NA	NA	NA
28	CDBN_326_USPT_10_12_1	NA	NA	NA	NA	NA	NA	NA	NA	NA	NA	NA	NA	NA	NA	NA	NA	NA	NA	NA
29	CDBN_324_NW63	-376.732724378088	-55.9400419375277	1.04965141479117	-1.11225153900717	0.379547048584073	2.13336012195191	-0.591644704274348	0.838583702322011	0.294244126101143	-0.644696566704901	0.0481259184218069	-0.0641577010685618	-1.13996829838048	389.552157447942	-3.26142511261494	0.23504698298895	5.94443918315248	0.754787923218707	4.44449933799481
30	CDBN_323_Harris	-570.621193226592	-44.8123352701775	-0.780644380975643	0.669979432872702	1.01500590733819	1.78577198068077	-0.557918235504466	0.0452292154134218	0.29011335820285	-0.458132102578523	NA	0.00325462917627914	-1.00788709474752	622.622978769704	-0.775735203904867	1.42764753331285	-0.722532361171062	0.789521767506047	3.68287258734421
31	CDBN_322_Harblack	-462.972010485142	-195.972397479595	0.00853357497906481	-3.66628463128289	NA	2.0749588061956	-0.345297783818418	-0.425604487876279	0.161459610037609	-0.30381033455859	NA	-0.92823406675874	1.55681543920826	736.366558454251	3.52206786283201	-0.0489756580149746	-0.649039356340138	-0.0855568588964588	-1.70657694835719
32	CDBN_321_Black_Jack	-930.731232276935	-191.327297923008	0.514815072477414	-3.24360399363008	NA	NA	NA	-0.93807906035271	NA	NA	NA	-0.89112313560724	4.92386215144698	526.928214242471	5.6345232166684	3.58868974840531	-5.91976169119523	-0.0676487269742658	-0.384280277364396
33	CDBN_320_115M	-245.713150982472	-180.552530020586	NA	NA	0.616975564991017	NA	NA	NA	NA	NA	0.463662365529053	-0.712048784379231	9.36968995584656	1925.01617766503	3.69387333902502	4.60879608235013	0.425182956593672	-0.741711482215506	3.84305637330348
34	CDBN_319_Yolano	-254.417994653949	-48.378276990431	NA	0.669979431200049	-0.146287044936419	1.39132072800943	-0.310230787389005	1.87106277615943	0.468596615413349	-0.634305551527425	NA	-0.0706750487948245	0.216313946578767	451.379668048303	-3.34166196708355	-3.51935937900373	7.66233055922583	0.822996684821936	1.1981040423401
35	CDBN_318_Weihing	-505.963278402047	-28.4678698224854	NA	NA	0.758079636799089	0.795223580607923	0.449075342191368	-1.21194283763848	-0.0770902627495112	NA	0.0900672232262603	-0.768467273329158	2.27474183900362	-10.9997477563574	-0.925077814383472	-3.20850445447555	2.7920083668694	-0.245916505024806	-0.796654516787628
36	CDBN_317_US1140	-506.383184853044	-62.4150502408726	0.738066739604231	-4.38607500092993	0.812502280383682	1.42643447156129	-0.571125631996905	1.70507378118291	0.316526065844104	NA	-0.666386252997698	0.117679982134333	-3.50584569876165	-310.772827474698	-4.17769338686282	-5.85062060742894	7.12146713723547	1.56270849212291	-0.394438225580778
37	CDBN_316_UI911	-608.264761076233	-185.597267445024	-0.882402993751958	NA	0.185171799923737	0.939630543293939	NA	NA	NA	0.192144905852783	0.342489288008472	-0.577323000804032	1.70346995970173	617.452397674906	-0.101403726472358	0.878111828082272	1.38223042787671	-0.257611555851408	3.32417476771396
38	CDBN_315_UI906	-571.080238794251	-210.244400045377	-0.81159659166111	-5.83002056881763	-0.132700198838352	1.12935128433735	0.0319342803562984	0.839129329980666	0.0391737437877802	-0.329091396549908	NA	-1.10687816676995	3.8262618292428	-114.007635019943	2.42762827231812	-3.13269200145968	4.08661155297019	-0.728663936499863	-4.43177869578739
39	CDBN_314_UI59	-715.795900938455	-58.4190254715337	0.12557765376391	0.353892550610066	0.89066683539595	1.31600991316566	-0.493695315565204	0.974923379724636	0.328036268396994	-0.318252356369057	-0.373886252997663	-0.0815594154220924	-2.28191452587353	-495.939432519579	0.200111019835655	-1.03535953618362	4.75436316241254	1.19944223677426	-0.560503595283425
40	CDBN_313_UI537	-242.128031650617	-24.919249634863	0.688403408338888	1.16997943117307	0.867299801161585	1.88824819404053	-0.549943024404311	1.06294771471124	0.0391737437877802	-0.568193526489948	NA	-0.0539531701320745	-2.75218169383053	378.282660612985	-2.8016638369225	-4.15627471096601	5.98747837853953	0.786189095590785	-0.578641789766838
41	CDBN_312_UI239	-383.046220995845	-71.6599912647796	1.46620603936269	-0.29360399357933	NA	2.60629720996061	NA	1.53692093964734	NA	-0.807855094147228	NA	-0.0346301628044368	-3.40947118188653	266.989879177119	-2.9841404209464	-2.46730006111277	6.15618477284908	0.537691678023811	2.3753904138096
42	CDBN_311_UI114	-483.869369208721	-13.6284526124462	0.463733978734871	0.955545954522435	0.399569394135084	1.57762065346995	-0.401833877711436	1.10705199915609	0.412647407581664	-0.62683192794972	-0.651193136918531	0.102755802835717	2.21762137875217	176.183746370638	-2.20528480000548	-1.86002209946135	5.80093104417424	1.09454763582587	1.80387645413361
43	CDBN_310_T_39	-607.617176461887	-188.783133598415	2.65999999809207	-4.25979784040965	0.516026486400567	NA	NA	1.77670030572602	NA	-0.643913611319851	0.306348337178568	-0.380800048598779	3.2972386242404	614.155147986098	3.47127657353969	4.41430036046427	-1.89170866671166	-0.00427492586873156	2.26087456947462
44	CDBN_309_Starlight	-601.827622693775	7.84951892040551	0.688403408338888	-6.83002056887307	0.171908803353419	1.6410257014845	-0.485726236850961	1.18806358195194	0.641815695267909	-0.232958702969333	NA	-0.380267850020416	2.40241878936086	163.09631803201	-0.318212749858045	0.700307193471141	1.14963639655991	0.548755031630557	2.28841121564567
45	CDBN_308_Sierra	-329.334822466165	-50.4104331911454	NA	-6.88591349462542	1.21732073525923	1.79851701337106	-0.310230787389004	0.912645322995176	0.81503443047121	-0.232958702969333	NA	-0.6942555015402	12.6449837137257	1083.8618002093	3.84752772826596	6.20678532012992	-3.45146133747334	-0.0560257093515929	3.84096719598997
46	CDBN_307_Shiny_Crow	-457.304416212977	-165.866408260954	NA	NA	0.605892677520429	1.29522358060793	0.449075342191372	1.7880571623615	-0.0770902627495119	NA	-0.409932776773742	0.0726917224887744	0.257571026631723	145.513768081756	-0.1634004929048	1.99914311546131	-0.668510494332318	0.872288282496259	3.73088373631009
47	CDBN_306_Olathe	-379.228968142571	-36.5692270748253	1.2523001859892	-0.469076000707706	0.171909064965754	1.99864856515959	-0.459307906921991	1.77688389044505	0.43612519852574	-0.548092396555373	NA	-0.087954590594487	1.52535687302116	563.155183028734	-1.81065481956923	-2.03330045478531	5.69805930019314	0.696669248716977	1.14197913632718
48	CDBN_305_Max	-537.258025970516	12.4611792904186	NA	-0.312033096471639	0.296989701520827	NA	NA	2.19005045860715	NA	NA	-0.300006250407081	-0.0671223550005477	-1.77503096719374	41.1008995107472	-3.64515322637529	-7.42348626217927	3.96011533747854	0.532314047722081	-2.54921362499436
49	CDBN_304_Matterhorn	-165.030311382919	-35.2941919381267	NA	NA	0.667131245523999	1.29522358060789	0.417700223112661	0.926002606571355	-0.113155170518761	-0.64391361131985	0.0293007641913075	-0.723294339616621	4.77864223805208	-6.94582698454063	-0.465522349588132	-2.73779501950186	6.14319521526073	-0.65985111321282	-0.299703748993716
50	CDBN_303_Mackinac	-857.750308728585	-196.17160531477	NA	NA	0.910266631792509	1.29522358060793	0.449075342191371	-1.21194283763849	-0.077090262749511	NA	0.590067223226263	-0.927308277511229	4.16144358875321	486.399406026763	2.03652824397329	2.87014104432295	-1.76632982236716	-1.00930163227216	2.47274452319724
51	CDBN_302_Desert_Rose	-234.429975407869	-54.5323971002902	NA	NA	0.705835971189501	NA	NA	NA	NA	NA	0.0838365569053704	-0.276710772454192	1.67946355231512	237.652104524022	-1.74221851511972	-2.32689419978258	10.1476969511052	-0.0848009542067118	0.439237130420732
52	CDBN_301_Crestwood	-866.53602717043	-187.241659888377	-0.438240577187659	-2.81547454279346	NA	2.42698803244009	-0.345297783818418	0.0657666108879546	0.161459610037606	-0.0538103345585887	NA	-0.732068428949114	1.70926413691111	584.98708010496	1.63112364382057	4.53171019567772	-4.29934682425086	0.289571984570949	4.77196681846235
53	CDBN_300_Chase	-416.665380671498	-34.7657250814541	-0.0337939606378027	-3.42543741109645	0.283167762445951	1.06806563657812	0.449075342191345	-0.460266693501619	-0.0770902627495113	0.192144905852766	NA	0.0905703928111532	-2.0687382962229	-466.678462286297	1.25971833310315	-1.29308667421573	9.23297269364357	1.09670378304017	-0.768768427022803
54	CDBN_299_Buster	11.0879275532729	-1.99644374685372	NA	NA	0.81251391833076	2.29522358060794	0.417700223112671	2.37600260657131	-0.113155170518761	NA	-0.0166149286786309	-0.178841437993878	2.30904064339473	368.047388480289	-1.20307284376687	-3.13229230303329	6.93831184515172	0.286293686059069	-0.579221880006553
55	CDBN_298_BillZ	-166.078317122102	-32.4164560946955	0.290899126445194	-3.65944853613727	0.775713311171105	0.755115978521453	-0.613674895966023	1.55829408608628	0.850779921712037	-0.707230198119566	-0.552521527712823	0.00122865150805631	2.00118507298031	348.541253759785	-1.72208764145858	-2.06663746249543	6.23777414374183	0.887620528808909	0.933773186637751
56	CDBN_297_Beryl	-387.565413798006	-80.4745765599239	0.288553590743195	-0.609085190535898	NA	2.07495880619562	-0.34529778381842	0.730172557812694	0.161459610037605	-0.303810334558591	NA	-0.146013548364624	-1.61481470153739	168.052682768954	-0.87961462294983	-2.61044146851604	4.79252598394323	0.319761457770887	-1.37870704932095
57	CDBN_296_Aztec	-552.481721070628	-3.46352476423162	1.11759700624804	NA	NA	2.10629720996062	NA	NA	NA	0.192144905852783	NA	-0.701296829471106	NA	-282.969284666748	-1.3917289034573	-2.44493451040254	6.7295604935791	-0.129543786352494	0.600058217627133
58	CDBN_295_Avalanche	-552.76169943422	-187.868333831713	NA	-2.65885007916548	0.714993113398287	NA	NA	1.44005045860715	NA	NA	0.803427281264962	-0.0622902783127407	6.95331556849091	-193.374611920944	1.52915202600921	3.19154144687961	-0.794637819005365	-1.01005887603207	2.73221544823522
59	CDBN_294_Arapaho	-433.548860630785	-8.7075887622922	0.482668769308748	-1.60908518863969	NA	1.46178636100509	-0.474124082725533	0.184601409385073	0.200293309814821	-0.30381033455859	0.0334907047646882	-0.457742019570796	5.48597267476836	43.4929030680903	-0.197947248308735	-1.22922217870599	4.35648746446439	0.0906788208361994	1.0518094904199
60	CDBN_293_AC_Compass	-836.362618732949	-170.834664702588	NA	NA	0.758079636799088	0.795223580607923	0.449075342191366	-1.21194283763848	-0.0770902627495111	NA	1.09006722322626	-0.609626269147083	3.56193294376414	-522.345742542901	-1.67206030205187	-0.931647091032348	1.72313453691409	-0.990554969101106	2.18116718311961
61	CDBN_292_White_Kidney	-1387.23073022218	97.7330476723422	NA	NA	NA	-1.74191555140334	NA	NA	NA	NA	-0.966509295235461	NA	NA	NA	-2.72155969128241	3.88139573148782	5.85723448211094	1.12796988923227	6.50597986708172
62	CDBN_291_UI722	-1284.95659676455	109.131402036623	-0.651296226852634	NA	NA	0.42698803243989	-0.345297783818421	0.963865908379376	0.161459610037604	-0.553810334558592	NA	-1.22734518839475	-2.03617012242128	211.026480576893	0.630808829844717	10.3451945861664	-8.1541015942725	-0.50594071633373	10.9731034000227
63	CDBN_290_UI259	-323.659175698153	-46.7961175796657	NA	-2.08607500124746	0.283167762445946	1.89988810505938	-0.550924657808647	1.30264012139134	-0.0770902627495113	NA	NA	0.167409950261433	-0.535295571302605	391.088981470231	-2.55792636363355	-0.689497730142224	1.75974227542823	0.820268782056857	3.51007570492784
64	CDBN_289_Harowood	-704.676862817203	-207.520085785081	0.188553590742998	-4.69160641674987	NA	1.13907963904025	-0.39718656232981	0.767849940102666	0.119274936391739	-0.35822163352699	NA	-0.700790826712263	1.69912671844099	1014.66606136794	4.42784685635195	7.59820500566312	-7.46957075697638	-0.0479320888462177	5.45816614363575
65	CDBN_288_Cygnus	-890.5641212247	-173.355022871899	-0.658763406756951	-1.60908518988973	NA	1.43747038015982	-0.345297783818418	-0.499609049691203	0.161459610037604	0.185788309156941	NA	-1.57973344778128	-5.14425001469622	-41.1249986338454	-0.888591155324045	0.12885677994985	-6.18568044219073	-0.204918601246914	1.9963728908232
66	CDBN_287_Centralia	-779.965203805944	-160.080613475005	-0.571446409256854	-2.19160641673956	NA	1.00978323843231	-0.39718656232981	1.52937610933134	0.119274936391739	-0.285211096345105	NA	-0.499121938505067	0.204771303669208	-111.753546154394	-3.07433143198773	0.655984528783404	0.899172925867349	-0.100021743611493	4.82604406078847
67	CDBN_286_CDRK82	-1190.97571545727	119.573301543017	NA	NA	NA	-0.347110146541453	-0.449075340841202	1.59244362304868	0.0770902627458731	-0.602804043168062	NA	-1.59284075869208	-1.06737297169403	-153.135273032657	-1.0091345019599	1.26014556540463	-7.84081499311876	-1.2582478997013	3.80703213185518
68	CDBN_285_Montcalm	-1312.66284158087	109.489338146196	-0.72647598025867	-5.58880033235048	0.815601817564766	-0.262077406376732	-0.356769789458289	0.939004474392569	0.188906724412895	-0.189747566774275	0.31361374700234	-1.70148580276436	-2.45877178483806	-761.26238310589	-2.32457735708319	2.89363748690997	-8.92891356217182	-0.55515021687368	6.20265838581314
69	CDBN_284_Lassen	-1340.13954891775	115.60043284927	2.80042411690208	-4.38607500099628	0.763037364038866	-1.0422939783571	-0.450275478788621	1.92319099973293	0.114509627174647	-0.0871786371648418	NA	-1.88098919011659	-6.09905396094652	-1584.88563634916	-5.45766969386441	-2.61374531234908	-2.09470969140038	-1.27096686334852	4.23102994773837
70	CDBN_283_Kardinal	-1130.70854260133	88.407334357717	NA	NA	0.16271201351461	-0.13617329061779	NA	NA	NA	-0.707230198119565	NA	-1.93815748765885	8.34753459047017	NA	0.687313455646703	1.28095765827547	NA	NA	3.89247723044254
71	CDBN_282_Kamiakin	-1171.49769263837	104.033862333179	NA	NA	1.16271201351461	0.560955578989487	NA	NA	NA	-0.707230198119565	0.0334907047646342	-1.93815748765883	7.84753459047011	NA	0.0881054220949652	3.71316481534967	-9.14276551788969	-0.872030110767722	3.45519133160705
72	CDBN_281_K59	-967.831030408418	122.241711320568	-0.719575883080293	NA	1.83170810795668	-0.437322872196578	-0.388003537335837	1.54374187807517	0.203537030869932	-0.732437139510931	NA	-1.86817423486111	-6.16483461105731	-101.518017911299	-0.669190298277518	5.59414306745895	-6.05827805453778	0.691508635662504	5.78580449709597
73	CDBN_280_K407	-989.782116918857	108.470157599063	2.80042411691966	-6.88591349462673	1.23191759771434	-0.879120893804532	-0.496865032764183	1.8921329624474	0.121783149047714	-0.651570603965902	-0.966509295235368	-1.64272633179516	1.89949803671069	-228.273491738391	-0.756216817968483	2.0252012743629	-3.94875059918695	-0.598453758555033	1.93603512841219
74	CDBN_279_Cran09	-1163.5793092439	103.590117842112	-0.478240577187651	-2.04360399383819	NA	0.426988032439801	-0.345297783818418	0.795047807014457	0.161459610037604	0.0958895239361019	NA	-1.39076606234618	-6.94065931531422	-1147.97090750412	-0.912201484834203	-4.45383365995385	-1.50396338368316	-0.26103514354784	-2.32838854543382
75	CDBN_278_Chinook2000	-1276.17245220964	110.222318025018	NA	NA	0.715592146667785	-1.20477641939209	0.449075342191368	1.7880571623615	-0.0770902627495116	NA	-0.409932776773742	-1.76846727332916	1.40046105298519	-158.399509568058	-4.20596527611872	2.08541180294341	-2.90978346426839	-0.887191725819078	7.77729954970039
76	CDBN_277_AC_Mast	-810.433668828146	-180.596107170075	NA	NA	0.540821248144599	NA	0.386325104033981	-1.21194283763848	-0.149220078288009	NA	1.11658942683856	-0.567527488275074	4.66353768139968	197.712621414085	-1.15345217760603	3.72110443424488	-1.70357360046514	-0.225163070885262	6.67400443095272
77	CDBN_276_JM24	-399.249105188499	-48.5600539530001	1.31963920437896	NA	1.3317081079565	2.06404444882658	0.0537808958316559	2.43061670752991	0.20544840834548	-0.732437139510932	NA	-0.424437248753688	6.55718722144155	305.8271685375	0.0232737946259134	1.25085863383353	5.6058359423462	-0.0170732065862637	3.52134388839513
78	CDBN_275_Burke	-469.400261317841	-12.1464396192746	2.11759700624634	-2.08607500111661	0.185171799923737	0.504552629510824	NA	2.30264012139144	NA	NA	-0.324177378658196	0.164307245421088	13.8609648408507	-223.955297820269	-2.24662776685007	-2.22799126053032	6.6834722144172	0.465016302730985	1.77688576409729
79	CDBN_274_Viva	-333.001016895514	-112.767595526132	-0.221068363486041	1.08941032937464	0.397581637976874	2.25094978372524	-0.365398580640791	0.97773231896445	0.337256522700354	-0.574165898083828	-0.966509295235266	-0.502938915470545	-2.66047050035601	582.092095436474	-2.0466240372759	-0.0944014469727301	3.92574303501046	0.995125663999159	2.75038127506145
80	CDBN_273_Vista	-689.124280069358	-197.094263813837	-0.352961382711422	-3.6729519557085	0.783167762445955	0.407582849707211	0.0518887791864656	-0.578942920219592	0.0421846736440458	0.0108761362746018	NA	-0.759614832365638	7.44921819674887	1217.90477289596	4.02774590420075	4.75853884203858	-7.19952717968652	-0.469282996415054	2.08913206774715
81	CDBN_272_Kimberly	-217.211546879708	-38.6998859843768	NA	-0.471061276899496	0.465699915172977	NA	NA	NA	NA	NA	0.471586262583336	0.00705791824131089	0.686809002879243	464.269503828591	-0.417872520493961	0.439367323966041	0.659049534990787	0.369419117570826	2.09076217074236
82	CDBN_271_Jaguar	-633.193348918628	-197.388115489971	NA	NA	0.743520589595635	NA	NA	-1.21194283763847	NA	NA	1.09006722322624	-0.956977451823429	0.814438422824232	410.681915657138	3.63437919246814	2.43192514846815	2.21164335644074	-1.62451049102718	0.475499997501202
83	CDBN_270_Jackpot	-624.547157901409	-12.5758304242896	NA	-1.31203309649017	0.458959366283671	NA	NA	2.44923293117967	NA	NA	-0.550435587055422	-0.0603568940381357	-2.76770644991303	-375.406646112166	-0.299887321038072	-5.48907715968722	-1.45987282895109	0.0305754171554092	-3.65740085196192
84	CDBN_269_IP08_2	-848.014123297042	-63.2351854059272	NA	-2.1530049161461	0.560606672624889	NA	NA	0.940050458607145	NA	NA	2.65342728126495	-0.935756787298174	3.71202112065434	-325.116943247601	1.27379108257799	3.20429949537794	-7.25772813867368	0.319884299316585	3.83157266472318
85	CDBN_268_ICB_10	-789.454339399619	-154.783326603615	NA	NA	0.779799403485399	0.295223580607922	0.449075342191362	-3.21194283763847	-0.077090262749512	NA	0.0900672232262378	-0.609626269147087	-0.63851918020886	-430.752153712722	1.78318334080286	-0.206075946318056	-1.2194449519126	-0.968330436960387	-0.432551905422968
86	CDBN_267_Huron	-1004.92050503242	-164.764087833294	NA	-4.08607500127857	NA	-0.495447370489158	NA	2.30264012139135	NA	NA	NA	-0.606392180955487	-8.43816052359339	246.292947488214	0.840187157368769	0.793641179627924	-2.49553258378369	-0.544160720635299	1.28527796651819
87	CDBN_266_Holberg	-233.354206736099	-66.4622158495283	-0.171147028000942	-1.98672226167212	NA	2.05036271022846	-0.545710676533644	0.806962959887908	0.175884205081616	NA	NA	0.131143140940647	NA	NA	-0.535474234454778	1.98219404745482	9.17050396426558	NA	8.62124682975633
88	CDBN_265_Hatton	-568.629835218423	13.4938581888224	1.11759700624806	NA	NA	NA	NA	NA	NA	NA	NA	-0.181624785019434	NA	5.94937284527775	-3.92450026645041	-3.97467981034446	9.76441433946137	0.156825373539515	1.2846373944459
89	CDBN_264_Harold	-309.546160928101	-67.0419227750632	0.419639204379054	0.80220106830211	NA	1.26010664583661	-0.545710676533644	-0.388645214451422	0.175884205081608	NA	NA	-0.151326320097473	NA	NA	-3.4288471623045	-0.497619943081385	3.29560252608615	0.552642081040135	7.58905910810461
90	CDBN_263_Grand_Mesa	-432.578036395799	-44.7756587343146	NA	NA	0.735418124165488	NA	-0.613674895966021	2.51394805078112	0.850779921711988	-0.64391361131985	-0.278487169668213	-0.142289273715969	3.37098655260796	352.333956351573	-0.0622193280589652	-1.19759868298268	2.72543674107917	0.515563833031842	0.458945132658331
91	CDBN_262_GN9_4	-90.6980043904854	-44.4062136793983	NA	NA	1.0679693612373	NA	NA	NA	NA	NA	0.851612525868093	-0.788537654850201	9.81252784859375	380.861936379035	-0.450016609342405	1.78874585199678	-1.28071652028771	-0.996739734538883	3.64941910323378
92	CDBN_261_GN9_1	-181.662216864358	-14.1792769454345	NA	0.149472093739015	0.0764148872481104	NA	NA	NA	NA	NA	0.954691935231943	-0.364128088387624	-3.35681710324715	415.909648439786	-0.0490677449058161	-0.185543952971941	2.29514320860867	0.539477598192021	0.832653724457897
93	CDBN_260_Gala	-511.368702715581	11.4541299066289	0.528852971999076	1.36327773806636	NA	1.84061877461991	NA	1.3592620869431	NA	NA	NA	NA	NA	NA	-4.09803709710764	-3.22521154185488	4.57124126108833	NA	6.43236268252619
94	CDBN_259_Frontier	-421.674131394817	4.4363829158985	NA	-3.68607500130438	NA	0.0045526295108483	NA	2.30264012139135	NA	NA	NA	-0.852371249062015	14.9485061430732	847.018057004614	1.95681554791714	2.69244728942879	-4.34440869768631	0.150644730236474	2.16277762755727
95	CDBN_258_Fiesta	-593.796374633969	34.8586556555966	-0.22114702800091	1.3632777383513	NA	1.55036271022846	-0.545710676533644	2.02270845579379	0.175884205081617	NA	NA	0.131143140940643	NA	NA	-4.28104054804741	-5.16308685262123	9.27933325125292	NA	0.892384358595633
96	CDBN_257_Envoy	-1078.25073458985	-189.562407028202	-0.185184927522607	-3.24360399363008	NA	NA	NA	0.936920939647283	NA	NA	NA	-1.89112313560724	-8.74280451521973	-1423.59576155609	-1.28198699525444	-0.270402705270478	-3.19715169534966	-0.66335652930337	2.42457352977072
97	CDBN_256_Emerson	-344.068664088084	NA	-2.18036079562102	NA	NA	NA	NA	NA	NA	NA	NA	NA	NA	NA	NA	NA	NA	NA	NA
98	CDBN_255_Eclipse	-352.581752925821	-193.594068146615	NA	-4.15300491615331	0.836507960939774	NA	NA	0.949232931179669	NA	NA	0.191419341104816	-0.976249013160961	5.38975467540971	941.326169708901	3.13161625300844	1.52817161760963	0.316466270884391	-1.10615970797472	-0.153078504270689
99	CDBN_254_Croissant	-363.882938760037	-25.5439210637345	NA	-4.15300491614647	0.599258989763166	NA	NA	0.949232931179671	NA	NA	0.0942092299724551	-0.195074729195819	5.99011093554486	399.398329277791	0.683868373492324	0.437895843215211	7.23535404909561	-0.658130452393536	0.817002091482781
100	CDBN_253_Coyne	-654.407662305919	-17.3138459667502	NA	-4.25761157422825	1.07778514481843	NA	NA	0.930867986034623	NA	NA	0.833668633894686	-0.364128088387624	-1.08351541913594	264.492697830677	-1.46981301194193	-1.62359933615148	-0.670495806409246	-0.437417607595573	0.58806006622985
101	CDBN_252_Condor	-558.057358615646	-179.605090940447	NA	NA	0.707648083489694	NA	NA	NA	NA	NA	0.758006286615299	-0.773832859058808	6.67919372736328	599.958693386129	2.97305938013777	1.94653346820698	0.37704440085107	-0.637047970530489	1.04297191433897
102	CDBN_251_CDC_Rosalee	-748.472282081735	-106.367141792871	NA	NA	1.09401941211514	NA	-0.61367489596602	0.0639480507811241	0.85077992171199	NA	-0.623886252997711	-0.241383811804219	-2.5240152629943	-185.63849634793	-4.31570343995386	-6.06275515255325	3.32673988603945	-0.00891904874719861	-0.908984102307123
103	CDBN_250_CDC_Pintium	-1049.66512571374	-3.31685790132403	NA	NA	0.0940194121151427	NA	-0.61367489596602	1.26394805078113	0.85077992171199	NA	0.16611374700229	-1.57471714513756	-1.4615152629943	-1134.29849634793	-5.82479434904477	-8.7255023747754	3.36021748887004	-0.998786549437241	-1.02977160230712
104	CDBN_249_CDC_Pinnacle	-356.821380941988	19.5470506566585	NA	NA	0.5408212481446	NA	-0.613674895966021	2.52600260657132	0.850779921711988	NA	-0.756754400786246	-0.0989467699271334	0.790262821449437	-356.353132804756	-3.77395407716393	-6.18737157712604	12.5904259608806	0.716136671168538	-1.07550213260285
105	CDBN_248_CDC_Expression	-1476.73264986624	-165.736392724906	NA	NA	NA	NA	NA	NA	NA	NA	NA	-1.55778980227391	NA	-2171.12895298302	-4.20105015285249	0.345670386156106	-8.47702739258761	-0.855799407219884	6.13737873413491
106	CDBN_247_CDC_Crocus	-525.860015585297	0.847178627676076	NA	NA	0.993520589595637	NA	NA	1.78805716236152	NA	NA	-0.409932776773757	0.043022548176571	-5.8998472914615	-643.984751009527	-5.36562080753187	-7.35378913724607	6.21164335644072	1.20882284230614	-0.607833335832121
107	CDBN_246_Blackhawk	-792.789652238461	-177.066313431302	-0.811596591661163	-6.7741276428987	NA	1.31955652012509	0.550924659158812	-0.0147453161646268	0.0770902627458731	-0.602804043168062	NA	-1.12054395891072	11.4012324721778	817.584010041037	5.91747091717503	5.07523128316718	-8.48681798874603	-0.79073879450525	0.653987464794944
108	CDBN_245_Bighorn	-348.899755031387	16.8335533009366	NA	NA	0.528806985954213	NA	NA	NA	NA	NA	0.0481259184217691	-0.310614940173888	5.74512333634122	1120.73237294089	-1.59263469702326	4.30731275513656	-0.720283771112797	-0.136386919084016	7.00431716278222
109	CDBN_244_Bandit	-523.74146799322	-181.953098124321	NA	-3.4710612768576	0.346355537835082	NA	NA	NA	NA	NA	1.03887159220647	-0.729252953732053	7.83925907892533	698.088092054439	2.08898173911588	3.3164735276674	-0.835551740366866	-0.756115036996769	3.02522150978955
110	CDBN_243_Apache	-672.207443603896	-7.24841498806641	NA	-2.16469524221516	0.0791554023887495	NA	NA	1.93086798603463	NA	NA	-0.787354667442573	NA	9.48594516946809	-432.924252778412	-2.37518545429859	-5.40322455673881	4.36386517857304	-0.577165822252462	-2.14759848705331
111	CDBN_242_AC_Pintoba	-426.890933070892	12.9578394356259	NA	NA	0.93198614823107	0.795223580607923	0.449075342191366	1.7880571623615	-0.0770902627495116	NA	-0.409932776773742	-0.15697745182342	3.68148697370231	-355.213221009577	-0.370291681142873	-0.0391232597342049	5.87379038928467	0.373443477408326	2.09324735989956
112	CDBN_241_AC_Ole	-546.822315641462	-1.5140512984133	NA	-4.38607500128891	NA	0.504552629510839	NA	2.30264012139138	NA	NA	NA	-0.852371249062029	10.6519366167415	1190.84202256556	-2.07236135268241	-3.81221260330658	3.51682032673569	-0.575607663926656	-0.211234322146656
113	CDBN_240_Norstar	-608.806207599593	-205.387222173127	NA	-6.77412764302222	NA	-0.125024139084439	NA	1.12453171014141	NA	-0.710010150466908	NA	-0.385098246317305	-0.998582731141225	312.451266729779	-0.406912374636712	0.27143530569257	5.83502971498168	0.0647063291816475	1.87929015878264
114	CDBN_239_Arthur	-805.39544140147	-213.791012888162	NA	NA	0.758079636799088	0.295223580607922	0.449075342191362	1.78805716236151	-0.077090262749512	NA	0.590067223226243	-0.768467273329159	9.32613780194518	524.070091966152	3.33096946110243	1.87948282208275	-4.16698039519508	-1.3708034587562	0.515369287658887
115	CDBN_238_Midnight	-638.501801965826	-189.342106339945	-0.396657796008914	-4.06992029547297	0.811211786883208	1.23042278117094	0.301958948524963	-0.578640239682996	0.0643427311584704	-0.438178619251893	NA	-1.03583623103047	6.05845628856396	790.643582009272	4.73697201559246	4.50739999474527	-5.47012088117831	-0.730534131376206	1.65839958345735
116	CDBN_237_Longs_Peak	-331.298155465252	-14.7638459667503	NA	-2.5076115742332	1.07778514481843	NA	NA	1.93086798603461	NA	NA	-0.366331366105318	-0.864128088387624	8.81512192140014	194.492697830677	0.359948013891122	0.93644661540071	-1.17049580640925	-1.1933726871041	1.19397174977794
117	CDBN_236_Rosetta	-241.259189745289	-63.8450990230896	NA	0.649472093729493	1.02431839348469	NA	NA	NA	NA	NA	0.666722949283953	-0.717555247712566	10.9254958263162	705.923855930808	0.900040063586696	2.50710844401793	2.33814218726297	-1.42850894119999	2.13823850476285
118	CDBN_235_UCD_9623	-472.743094254562	-33.9700527831297	NA	NA	1.68594312836468	NA	NA	NA	NA	-0.64391361131985	-0.199327124476607	-0.541930644985176	2.72160817740584	-292.97469386796	-3.82982773015444	-4.20716246384382	4.0276139106663	-0.925304027553314	1.31903966203612
119	CDBN_234_UC_BTS_96114	-365.938267865875	-196.018118058713	NA	NA	0.185171799923723	NA	NA	NA	NA	NA	0.675822621341802	-0.817895138222724	6.20346995970173	1518.8843533656	3.02177487093504	5.87066064866646	4.74054495282935	-0.0991122705302191	4.68333778628234
120	CDBN_233_Star	-615.790604732892	-32.4732582069603	-1.76193326038085	NA	NA	0.840618774619699	NA	0.0913053560253921	NA	NA	NA	NA	NA	NA	NA	1.84054954032661	NA	NA	NA
121	CDBN_232_OAC_Gryphon	-964.588904474186	-199.152821372324	NA	NA	0.743520589595635	NA	NA	1.78805716236154	NA	NA	1.09006722322624	-0.556977451823431	1.81443842282421	152.015248990472	-0.365620807531874	3.43192514846816	-6.78835664355925	0.45882284230615	5.47549999750122
122	CDBN_231_JM126	-398.057330480708	-21.5979569347319	NA	NA	NA	1.2601066458368	-0.574330529083145	NA	0.207505607336818	NA	NA	-0.339098484337011	5.26027598421072	NA	-1.19322824416593	1.31014784482599	1.80869077681144	-0.0170732065862612	3.73131110697458
123	CDBN_230_Ivory	-534.772110463019	-32.1636920679016	0.0196392043790407	NA	NA	1.26010664583664	-0.545710676533644	0.630616707529908	0.175884205081608	NA	NA	-0.368856859059397	NA	NA	-1.57366347774401	-5.22130909750568	8.88460208393883	NA	-2.95062877400819
124	CDBN_229_6R_42	-315.72547748801	-55.3652945749267	-0.709100873554777	NA	NA	1.25808444859665	NA	NA	NA	NA	0.033490704764493	NA	NA	NA	0.623752556613979	1.83058989314324	-7.14276551788919	1.12796988923217	3.76159893172892
125	CDBN_228_Zorro	-421.702012983058	-180.934630628219	NA	-4.15300491615331	0.851124065387372	NA	NA	0.949232931179668	NA	NA	2.09420922997248	-0.803381836327209	8.0630506705798	724.884085514855	3.38434741908386	4.17926690164211	2.1355662147293	-1.52142347546162	2.37595789530643
126	CDBN_227_Victor	-245.378520121642	-59.3020105055124	-0.0803607956209618	-0.397798931539294	NA	1.26010664583661	-0.545710676533644	0.761354785548573	0.175884205081608	NA	NA	-0.151326320097473	NA	NA	-3.62016744972671	-1.83839461842737	0.575644602152384	2.05264208104014	1.99939662949979
127	CDBN_226_USWA_12	-506.683093548867	9.42859672266439	NA	-2.68607500128279	NA	0.00455262951084639	NA	0.302640121391346	NA	NA	NA	-0.60639218095548	2.07693661674127	504.789101080386	-1.26610923411327	2.5544035924986	4.87266815644145	0.00844127478162271	5.09763975096535
128	CDBN_225_USRM_20	-313.692475058616	19.3990153640472	NA	NA	0.369943966745309	NA	NA	NA	NA	NA	0.234660072360883	-0.196939977018837	0.412758738900806	972.792201719461	0.978943232521955	-0.658527279438818	-0.510172505950759	0.230273459207625	0.313507078415099
129	CDBN_224_USPT_CBB_1	-378.840036084424	-25.6587503176801	NA	NA	0.607545582805828	NA	NA	NA	NA	-0.64391361131985	-0.0569855314029387	-0.151653161749938	0.863864928202166	232.793531742622	-2.8126922977086	-4.34827399755118	3.19511697511501	-0.298533728028011	-0.22197953960996
130	CDBN_223_USPT_ANT_1	-564.762701379384	-41.1421681222242	NA	NA	0.0894939674405579	NA	NA	NA	NA	NA	-0.203433530544186	-0.114527922942459	7.34542669183994	711.601831777615	3.67623122546415	5.3359449560645	-2.75363128061756	0.716063440405565	4.42284131716038
131	CDBN_222_UI425	-278.435255622944	-15.6044457203615	-0.621147028000943	NA	NA	1.55036271022843	-0.545710676533644	1.07108560853451	0.175884205081616	NA	NA	0.131143140940643	NA	NA	-2.03814065660734	0.249249656158335	7.87354904670874	NA	4.64590180746951
132	CDBN_221_UI196	-266.147541276951	-34.7370009414176	0.290899126445194	0.367177929041051	1.16271201351437	0.0609555789895783	-0.602950381632648	NA	0.239127009592043	-0.707230198119566	-0.966509295235368	0.038428538497854	-4.53817533420362	NA	-0.955416018671084	-1.55136295836703	1.34442259950554	0.555448341323242	1.1876195816747
133	CDBN_220_UI126	-377.491196743694	-20.4888910683267	0.400424116919711	NA	NA	NA	NA	0.418741878075348	NA	NA	NA	0.170735822272815	14.9685204380954	403.468529568046	-1.6514564020438	1.72827012767406	7.69170246001292	0.855198810018084	4.8160957403777
134	CDBN_219_UI111	-626.541624548252	-23.2434759236523	-2.18036079562102	NA	0.594019412115148	NA	-0.613674895966019	1.76394805078118	0.850779921711988	NA	-0.186386252997735	0.0919495215291061	-3.83651526299429	112.670503652064	-1.14176404601439	-2.8421440414426	6.84563577604817	1.00670595125279	0.891932564359546
135	CDBN_218_UCD_9634	-365.128360216682	-57.3480059340729	NA	0.14947209376032	0.84202082672598	NA	NA	NA	NA	NA	0.266785326501435	-0.512476235693786	5.59094022337578	69.2970832902225	-2.39367760980967	-0.407778010330291	0.938564414472937	-0.490942677780327	3.57436476480361
136	CDBN_217_Stampede	-175.125480306373	-13.4468389241216	NA	-4.21103934592702	0.898636836785829	NA	NA	1.70699367221782	NA	NA	-0.268960497378339	-0.622721198024572	8.38732721941986	738.650244098933	0.142321170412348	0.819916564763474	2.52082321246253	-1.12131322584588	1.25312901732154
137	CDBN_216_Shoshone	-391.654988452004	-20.9898575772175	NA	-1.97106127689027	0.477474346465916	NA	NA	NA	NA	NA	-0.207214999711791	-0.0373973131018104	0.114010772725786	325.989101339009	-1.59010957507181	-3.25399947486881	5.33703746139611	0.53963927923625	1.21690972717798
138	CDBN_215_Shania	-415.489732151898	-188.567424203593	NA	-4.81203309650139	0.618360290189516	NA	NA	1.69923293117968	NA	NA	0.782897746277897	-0.698892272195529	11.0419579887152	674.363734354957	4.10625501377674	5.17944339848295	-0.0163077459194762	-0.812238723036001	2.13774632848343
139	CDBN_214_Sequoia	-698.065130824598	-39.7831257859324	NA	-4.52193452626926	0.958768048037384	NA	NA	2.56505045860715	NA	NA	0.151608007418924	-0.174626276991111	6.73253894382385	-469.705960371959	-0.710720524931834	-1.60866111564377	-0.343880239960276	-0.622134002171162	0.603583083778149
140	CDBN_213_Sedona	-762.932900427754	-22.1174900939374	NA	NA	0.978735002940982	NA	NA	NA	NA	NA	-0.552979193732211	-0.524577864310913	8.5076308285854	330.865153608749	0.293183568762047	-1.50230103838115	1.09020472105334	-0.509488211353871	-1.83851474715625
141	CDBN_212_Seabiskit	-292.236165528485	-203.101710486756	NA	NA	0.478735002940981	NA	NA	NA	NA	NA	1.1379009076675	-0.524577864310915	4.04769990251209	1312.86515360875	0.382033448496858	1.93628074020653	0.340204721053337	0.36551178864612	4.51137956585796
142	CDBN_211_Sawtooth	-598.875877553672	28.8535331577503	NA	-5.47106127685646	0.465699915172977	NA	NA	NA	NA	NA	-0.528413737416665	0.0706374783499137	2.42830560880132	195.679713327159	-0.516340715472668	2.97308734522484	-0.469730362699953	0.173322513161877	4.5717287453579
143	CDBN_210_Santa_Fe	-287.773787744142	22.8133023138303	NA	-4.15300491615331	1.02325184775969	NA	NA	2.44923293117967	NA	NA	-0.905790770027532	-0.803381836327209	5.13764335121306	430.64009673144	-0.528433522434925	-1.0217168245672	4.91416730158746	-0.798254673929836	0.711169733458614
144	CDBN_209_Sanilac	-1004.16168199488	-195.74880303081	-1.07114702800093	-1.97564559251467	NA	0.840618774619895	0.454289323466362	1.42702192402972	0.175884205081613	NA	NA	-0.868856859059364	NA	NA	0.749594448428051	2.28692355244304	3.02077668762302	NA	7.43236268252619
145	CDBN_208_Roza	-202.214631502238	-51.0181180587127	NA	NA	0.185171799923723	NA	NA	NA	NA	NA	-0.990844045324864	0.182104861777275	8.45346995970175	582.551020032264	0.688441537601682	-1.72933935133353	1.99054495282935	1.40088772946978	4.93333778628235
146	CDBN_207_Raven	-929.896120869041	-206.405029995918	-0.882402993751954	NA	NA	NA	NA	NA	NA	NA	NA	-0.805459767764964	NA	278.081851762923	4.28207829620519	1.33564399086492	-5.7010210333133	-0.609694510150176	-0.616388236790269
147	CDBN_206_Quincy	-133.725454211423	15.6240018644466	NA	NA	0.292610803670176	NA	NA	NA	NA	NA	NA	-0.424475849697988	-0.882385202370401	1052.93545739439	-3.61786254904063	-5.67382208937215	5.19197430678264	0.306328387193078	-1.29388141339067
148	CDBN_205_Pindak	-433.583787031597	NA	-2.18036079562102	NA	NA	NA	NA	NA	NA	NA	NA	NA	NA	NA	NA	NA	NA	NA	NA
149	CDBN_204_OAC_Rex	-960.946404607903	-195.041821410761	NA	NA	0.489850917986537	NA	NA	NA	NA	NA	0.857039812676052	-0.771071172257825	7.54498440343191	1079.92399919039	0.332960202277975	5.00737625312457	-4.1836419656786	-0.530094377154672	6.39505784367426
150	CDBN_203_OAC_Laser	-1149.94069385327	-186.78611440942	NA	NA	0.993520589595637	NA	NA	1.7880571623615	NA	NA	0.590067223226253	-0.556977451823426	4.81443842282418	-473.116097390917	-1.22142217797987	1.83425156685136	-1.77625530055866	-0.863693150362923	4.77674787537175
151	CDBN_202_Nodak	-132.228538136067	-35.5144762293655	NA	-3.49779893084396	NA	NA	NA	1.87946130719445	NA	NA	NA	NA	NA	NA	-3.03598878655203	-6.28167799720309	5.07124126108859	NA	0.490565851399448
152	CDBN_201_Newport	-1047.06197640542	-194.68093111892	NA	-4.38607500128389	NA	2.50455262951086	NA	1.30264012139135	NA	NA	NA	-1.88190278257258	-9.91482719026004	-1398.2337512111	-0.341106682469057	0.400806205837108	1.83210640662572	-0.76505628104741	2.48104886747282
153	CDBN_200_N05324	-582.285454211423	-182.264887024443	NA	NA	0.792610803670176	NA	NA	NA	NA	NA	NA	-0.424475849697988	11.8426147976296	990.935457394392	2.66547078429269	3.37062235507227	1.19197430678263	-0.943671612806919	2.15611858660937
154	CDBN_199_Montrose	-73.3177933630736	-13.2704684311474	NA	NA	0.493520589595635	NA	NA	-1.21194283763847	NA	NA	-0.409932776773757	-0.156977451823429	-9.18556157717577	328.348582323805	0.249763807852754	-4.28236056581749	6.21164335644072	1.12548950897281	-2.85783333583212
155	CDBN_198_Merlot	-515.747223033795	-29.578533361411	NA	NA	0.693396183387051	NA	NA	NA	NA	NA	-0.0898394406950289	-0.728258131905418	9.06049204251496	344.637647984858	1.83551155804793	1.27747473191798	1.52041267031813	-0.785399630487008	1.65306573724939
156	CDBN_197_Lightning	-506.169686989257	-175.341438144285	NA	-4.15300491615331	0.698107077334935	NA	NA	0.94923293117967	NA	NA	2.09420922997247	-0.803381836327209	7.21698015556098	738.086929825958	-0.319941751405828	2.86972026414511	2.2543219718971	-1.10463909800894	4.40679383901469
157	CDBN_196_LeBaron	-560.030052294749	-18.628645534536	0.117597006247809	NA	0.740533952060718	NA	NA	NA	NA	-0.64391361131985	-0.284650076241569	-0.515376456467169	-4.5800335877182	-861.316003903392	-4.2394032578808	-8.74941266001052	8.95759069221923	0.0391991106791783	-2.96432210366919
158	CDBN_195_Lariat	-0.316668719702467	9.4827423082557	NA	-4.15885007916973	0.714993113398287	NA	NA	1.66505045860715	NA	NA	-1.19657271873504	-0.544473394341677	10.928247055361	1348.93254377643	1.04160955117956	2.77291143872169	-1.9439443509505	-0.238965920478209	2.95052997378086
159	CDBN_194_Laker	-922.626450599779	-200.076630230471	-0.709100873554811	NA	0.617281524374405	1.25909554721685	0.425669470916857	NA	0.207505607336821	NA	NA	-1.86159496214831	3.32779505870391	NA	6.48499112540858	6.42254970038824	-13.4080738740947	-0.017073206586022	5.33712773902963
160	CDBN_193_Kodiak	-302.580139328493	13.0022799592879	NA	NA	0.584173125367106	1.79522358060793	-0.550924657808647	1.7880571623615	0.92290973725048	NA	-0.409932776773742	-0.450785264965011	2.6966368246831	106.196274592137	0.477389609067551	-1.9557952524652	4.08599048689565	0.318746377782244	-0.672018424383329
161	CDBN_192_Rojo_Chiquito	-736.402787535709	-170.874134459437	2.11759700624803	NA	NA	NA	NA	NA	NA	NA	NA	-0.805459767764964	NA	-4.41814823708814	3.43592445005135	0.602310657531538	-4.55102103331328	-0.609694510150175	-1.70729732769936
162	CDBN_191_Garnet	-632.656454216825	-85.6528754758573	0.738066739619195	2.02435440747639	NA	1.8406187746197	NA	1.5785671052898	NA	NA	NA	NA	NA	NA	NA	-3.60398935199286	NA	NA	NA
163	CDBN_189_OAC_Lyrik	-1252.53932136344	172.668725500568	NA	NA	0.432837116149915	NA	NA	NA	NA	NA	NA	-1.42447584969799	-7.03773624442741	-1766.0645426056	-3.50080932256818	-4.00424836321027	3.69197430678264	-1.88906017908617	0.282342730428715
164	CDBN_188_ISB_82_865	-1324.20541710036	136.094112939924	NA	-6.88591349443859	0.867299801161755	-0.0137768132082175	-0.549943024404311	1.40989467334552	0.039173743787782	-0.329091396549909	NA	-1.53373998106335	0.857480903074007	-1009.0236262432	-4.72179493642252	-3.17636662293952	-8.56862255629705	-1.30151120814192	2.06344943389591
165	CDBN_187_55063	-495.122845311231	-63.8280409281891	NA	NA	NA	2.10629720996061	NA	NA	NA	-0.807855094147227	NA	-0.407307585041137	NA	384.06072230457	-3.70390225728765	-4.15806311872409	5.30965073831119	0.475202873315231	0.990411087154539
166	CDBN_186_53026	-385.17680608058	-6.26189104661427	-0.185184927522695	-0.0436039935812743	NA	2.43963054329399	NA	2.28692093964728	NA	-0.807855094147227	NA	-0.407307585041112	1.07451240502241	-603.889490213262	-2.17391404294622	-4.39187324239383	12.4218427512294	0.94287453778742	-0.279558879059216
167	CDBN_185_CO_91212_4	-141.811837552622	-4.98298057518384	NA	NA	0.88492002702884	NA	NA	NA	NA	NA	0.9999999988941	-0.499999999899879	8.63066133798839	-40.0000170263625	0.837463238303446	2.13699333106395	-1.00000012653149	-0.603264687253115	1.88274851535944
168	CDBN_184_CO_33875	-405.136430927147	-7.29917779125789	NA	-3.15300491615166	0.905907175856159	NA	NA	2.89923293117971	NA	NA	-0.905790770027534	0.0343263913063534	8.0691920320555	-30.0756558218513	-0.177326682820612	-1.72448394992313	-2.57160934265304	-0.515079255063081	0.190067714183152
169	CDBN_183_CO_27864	-291.747312539789	-172.331231170289	NA	NA	0.422827300773892	NA	NA	NA	NA	NA	0.546566469455815	-0.819902045491754	8.15901268575096	1501.60183177761	1.85123122546412	1.73238913728346	0.74636871938247	-0.783936559594432	2.19784131716036
170	CDBN_182_CO_1760	-376.618381665115	-68.4790481469868	1.61855359074336	-3.60908519050196	NA	1.57495880619559	-0.34529778381842	1.1069376150133	0.161459610037605	-0.303810334558591	NA	-0.0223075728901088	3.39990226705966	-207.559206389001	-1.87254439138906	-0.23097857645453	6.80134414140185	0.62424331295564	3.71157033229635
171	CDBN_181_CO_11113	-696.160645873123	-174.414564503623	NA	NA	1.42282730077389	NA	NA	NA	NA	NA	1.04656646945581	-0.864527922942459	6.40901268575095	102.601831777606	2.52623122546414	-1.1301108627165	1.24636871938247	-1.03393655959443	-1.5771586828396
172	CDBN_180_Mayflower	-642.662786409759	-197.777911867045	NA	-6.83002056881994	0.490104913255657	1.02010586945579	-0.310230787389005	1.02478547709741	0.112516457934553	-0.232958702969333	NA	-0.838765878368854	10.1701361896831	933.227532866524	4.56511105653708	6.41861473384082	-6.67262089923581	-0.401236078015902	3.28961133806941
173	CDBN_179_Maverick	-458.728592759079	-24.2467281794623	1.11759700624829	-4.38607500128389	NA	0.504552629510849	NA	0.302640121391345	NA	NA	NA	-0.387373281809584	21.7569366167412	304.167446927303	-0.612960106578563	-2.70571315614177	0.801009783695744	0.259241229885226	-0.602451438328377
174	CDBN_178_Seahawk	-486.498805681515	-163.211185131193	NA	-2.97106127682911	0.554843738152805	NA	NA	NA	NA	-0.643913611319851	0.654790676238471	-0.503149210779197	3.3562600967695	695.495948835302	-0.518135946412568	2.03420211581974	2.36512375994864	-0.15249777052146	4.65232977140124
175	CDBN_177_Topaz	-649.583044091387	-12.5617104990849	0.290899126445194	NA	NA	1.25909554721689	-0.574330529083145	NA	0.207505607336823	NA	0.0334907047646342	-0.694150343312609	-1.0222049412961	NA	-2.19439350789189	-6.05587988516769	12.7392913610947	-0.0445516586768388	-3.61408010458349
176	CDBN_176_Sapphire	-452.625803044522	-56.4631412588318	-1.76193326038085	NA	NA	1.8406187746197	NA	-0.0586946439746225	NA	NA	NA	NA	NA	NA	NA	2.15927269254165	NA	NA	NA
177	CDBN_175_OAC_Seaforth	-940.364348035423	-177.556766621124	NA	NA	NA	1.10629720996061	NA	NA	NA	0.192144905852774	NA	-1.74064091837446	NA	-207.439277695443	-1.84509918346756	-3.81501914006414	-2.85034926168883	-0.312297126684764	-0.2403581436147
178	CDBN_174_ND307	-117.375677794293	3.52719576095855	NA	-3.15885007918159	1.15035931635325	NA	NA	2.56505045860715	NA	NA	-1.04657271873506	0.0642432127018329	7.26825665982271	596.883056752411	-0.197570785290719	1.77605412372314	5.40893852799296	-0.486833662674215	2.87204776962704
179	CDBN_173_ND060197	-33.7318375526251	-51.982980575184	NA	NA	0.88492002702884	NA	NA	NA	NA	NA	-1.10590197804895e-09	-0.499999999899879	4.13066133798838	-111.000017026363	-0.995870095029872	-2.72014952607891	1.99999987346853	0.546735312746883	-2.11725148464055
180	CDBN_172_Majesty	-893.712253602063	215.17304297851	NA	-2.33842143368157	0.932732394496386	NA	NA	1.9308679860346	NA	NA	0.730762401094505	-1.21755524771257	3.00358761567816	-406.038171246493	-1.00638327679453	0.226170715251362	-2.15542706490953	-1.17708340333035	3.43974560455153
181	CDBN_171_CELRK	-1152.73140741522	145.523277855353	0.117597006247134	-2.20787611663936	0.573473819267326	0	0	2.67843789918709	0	0	-0.145760596254086	-1.7578477810622	-5.00968069252851	-961.348934027876	-5.46003933726527	-4.70962353299951	0.487174235948171	-1.09253317017424	2.30799792976965
182	CDBN_170_Cardinal	-1337.95455008593	153.875558849087	-0.706849610302651	-3.06387729581298	0.185171799923662	-0.0195565991388355	-0.345297783818418	-0.533024588216756	0.161459610037606	-0.308823098721152	-0.324177378658196	-1.70164099387993	-2.58591650206125	-1188.62937229876	-3.84525922067014	-0.306896980049992	-2.10774527469572	-0.45473620542393	4.34867727943166
183	CDBN_169_Hyden	-514.672387028914	-191.540105184052	0.319639204378979	NA	0.277291467238349	1.26010664583707	-0.574330529083145	0.86409226818508	0.207505607336822	NA	NA	-1.48465965343078	-4.89972401578951	NA	-0.339696456259201	1.66881086068064	3.04830500052402	0.267784437227093	3.77831004833387
184	CDBN_168_Blush	-1089.38901617676	158.277352089264	NA	-4.08607500128301	0.971202926287635	-0.495447370489158	NA	0.302640121391344	NA	-0.64391361131985	-0.792718963921914	-1.68257508192027	1.5650457479542	-139.257992168632	-1.1014370880103	3.1228133523321	-3.00774246234567	-1.1578014377528	5.98598102791769
185	CDBN_167_UCD_0801	-817.49634466129	71.1061757545386	NA	-3.25761157423156	1.40097599035518	NA	NA	0.930867986034612	NA	NA	-0.666331366105318	-1.86412808838762	5.06262913632203	1215.99269783068	0.980764812020726	8.0697989021818	-10.6704958064093	-0.272992519100774	10.3746897470686
186	CDBN_166_RedKanner	-865.266856576505	80.0273811292707	NA	-4.08607500128301	NA	-0.495447370489155	NA	0.302640121391345	NA	NA	NA	-1.88190278257257	-7.42816052359337	-504.896110069259	-2.07960378903212	4.60419628391228	-0.698320712506266	-0.663118718649681	8.10372622431556
187	CDBN_165_Redhawk	-1318.61457108869	83.3302950208899	NA	NA	0.429930837137439	-1.2047764193921	0.449075342191371	-1.21194283763848	-0.0770902627495111	NA	-0.306683153658962	-1.79877864256908	-2.00663919934181	-774.87387020305	-3.50425087060519	-0.868572002320789	-2.17728927465113	-1.13234069435488	4.17808768167041
188	CDBN_164_Hooter	-1183.20091343518	143.379363390543	NA	NA	0.594019412115143	NA	0.386325104033978	0.0639480507811239	-0.14922007828801	NA	0.666113747002287	-1.74138381180422	-8.7115152629943	-739.77449634793	-3.05873374298417	2.02135595855778	-2.5394188993118	-1.1409294065801	5.38301589769286
189	CDBN_163_Capri	-1082.62310000406	121.015599140946	NA	-0.47106127689219	0.223195763422701	NA	NA	NA	NA	NA	0.384577889775981	-1.74216825664819	2.0920462979115	-485.41488405846	-2.78634925158356	0.25267022550326	0.742717438232597	-0.504794720027384	3.61369806906828
190	CDBN_162_RoyalRed	-1102.13251780889	73.8259685672876	NA	NA	NA	1.25808444859666	NA	NA	NA	NA	0.0334907047645064	NA	NA	NA	-0.221559691282385	4.57512791540065	-15.1427655178893	-1.37203011076773	4.00597986708175
191	CDBN_161_Rosie	-880.892438608266	108.290957973407	NA	-3.50004115266927	0.183477367060528	NA	NA	NA	NA	NA	-1.00000000110591	-1.99999999989988	0.398404067487951	283.999982973626	-1.85162870720622	2.81381579640347	-6.00000012653164	-0.964383754918659	5.93013870105002
192	CDBN_160_NY_105	-955.403752873362	205.744945287651	NA	NA	0.88492002702884	NA	NA	NA	NA	NA	-1.10590193425603e-09	-1.99999999989988	0.718935242077943	-173.000017026363	-5.14045392994795	-2.96705662654325	5.99999987346851	-1.3647543883158	4.04244773741764
193	CDBN_159_Beluga	-1316.79077562103	93.8606692528637	NA	NA	0.715592146667785	-1.20477641939209	-0.550924657808647	1.7880571623615	0.92290973725048	NA	0.590067223226263	-1.76846727332916	2.92121789562125	-257.547212669185	-2.69547734436218	2.3075714059581	-1.69424525151976	-1.26334059162565	6.53680116511044
194	CDBN_158_SilverCloud	-1305.32277283793	158.528169020849	NA	NA	0.0353491038281572	NA	NA	NA	NA	NA	-1.05343353054419	-1.86452792294246	1.84775959209531	-421.898168222386	-1.17710004576713	3.96839399455047	-6.25363128061756	-1.50345445626125	7.94203687699298
195	CDBN_157_Lisa	-1038.03075854251	50.5735511363556	NA	NA	1.59653539426727	0.0626771278034143	-0.388003537335838	NA	0.203537030869932	-0.732437139510931	NA	-1.9314903285834	2.40302907974796	-328.258870768315	0.295342773288381	6.21935725458071	-6.16592921649882	NA	5.4441012515652
196	CDBN_156_K42	-1336.54325526579	143.919293258833	-0.709100873554777	NA	NA	-0.741915551403341	NA	NA	NA	NA	-0.966509295235482	NA	NA	NA	-1.77624744338601	2.21828853665735	-3.14276551788922	-1.87203011076775	4.4692863101814
197	CDBN_155_Alpine	-445.516037925735	-61.3134560305526	-0.882402993751958	NA	NA	1.27296387662727	NA	NA	NA	0.192144905852784	NA	-0.479074607248882	NA	416.475277279169	1.03737548836153	0.0232599548272898	3.86688237181713	-0.375566939795821	0.542083629210678
198	CDBN_154_AC_Elk	-1120.48667618038	176.037953824095	NA	-4.08607500128921	NA	1.00455262951084	NA	1.30264012139137	NA	NA	NA	-1.85237124906203	-10.2381605235933	-598.65797743443	-5.89054317086426	-2.71221260330656	-2.78317967326432	-1.32560766392664	4.78876567785334
199	CDBN_153_Sacramento	-1201.21038983769	128.097169715853	-0.559575883080343	NA	1.16271201351424	-0.155119826786376	-0.449075340841201	2.05458690566326	1.077090262746	-0.412368624551186	0.0334907047646343	-1.78507102468092	-6.24185438724008	-1802.47331711419	-5.24911816045533	-3.11056272583479	-3.57658424043046	-1.28206836415688	2.9866872074418
200	CDBN_152_Isabella	-1215.17058301703	87.3761305600997	0.61963920437905	NA	NA	1.26010664583695	-0.545710676533644	2.73061670752995	0.175884205081611	NA	NA	-1.86885685905938	NA	NA	-1.5739800616555	0.284400104814496	-15.8508016886715	NA	-0.922350740318811
201	CDBN_151_Zircon	-628.087393710706	-212.415890130864	-1.2711470280008	-5.97564559251042	NA	1.84061877461982	NA	0.867292510387273	NA	NA	NA	-0.716265242173603	NA	NA	2.7578405007998	5.69419760041288	-8.92875873891171	0.0526420810401397	6.93236268252619
202	CDBN_150_WYO167	-464.066438434101	7.94499885454887	NA	NA	NA	3.26010664583692	-0.574330529083145	NA	0.207505607336818	NA	NA	0.359623392023863	0.180275984210609	NA	-2.43746665648477	0.413050728683493	6.14992383285045	-0.0170732065862616	4.5904639349025
203	CDBN_149_WYO166	-693.718844848067	-20.3744055631833	1.23806673961925	1.02435440666833	NA	1.05036271022824	-0.545710676533644	2.92856710528973	0.175884205081608	NA	NA	0.131143140940621	NA	NA	-1.64078022423542	-2.76272362674144	7.17050396426579	NA	-1.74713902797981
204	CDBN_148_Valley	-803.755193714127	-52.8103363922829	-0.621147028000943	NA	NA	1.55036271022842	-0.545710676533644	-0.23903896822237	0.175884205081608	NA	NA	0.13114314094064	NA	NA	-0.573663477743937	3.74107034112382	-11.3339860367407	NA	4.04937122599183
205	CDBN_147_USWA_50	-448.818748035425	-216.054983199517	NA	NA	NA	1.10629720996061	NA	NA	NA	-0.807855094147227	NA	-0.0739742517078131	NA	339.810722304561	-2.09509918346757	-1.69001914006412	3.90965073831119	0.400202873315233	2.1442572410007
206	CDBN_146_Fleetwood	-709.633109264489	-194.871494238846	0.209355812037281	-1.68388991314528	0.550592565335278	1.79313234091092	0.137670540498602	0.0169475814491504	0.143056786542898	-0.172254444900458	-0.966509295235281	-1.51613342241357	-0.706579920554671	322.36328706101	0.383710263521516	4.18439419434082	-2.761820770807	-0.0219312928093754	5.0593034731388
207	CDBN_145_C_20	-781.070232825567	-194.084891260317	-0.709100873554811	NA	1.1172815243744	1.2590955472169	-0.0743305290831435	NA	0.707505607336847	NA	-0.966509295235347	-1.51223402396788	9.26779505870388	NA	5.09962304254282	6.79969624381541	-12.3380435125725	-0.0170732065862637	7.47653743747827
208	CDBN_144_USWA_20	-477.74864986624	10.411283267081	NA	NA	NA	NA	NA	NA	NA	NA	NA	0.10887686439275	NA	1331.87104701697	2.83527603210368	2.34567038615586	-0.810360725920883	1.0442005927801	1.24105556382933
209	CDBN_143_USPT_9_6	53.2195021961105	-29.7499704528975	NA	-4.25761157422937	1.07146868711061	NA	NA	1.9308679860346	NA	NA	-0.560350068780845	-0.281381514513613	4.7463439424643	551.28244401346	1.1281253969249	1.67127648086141	5.12609728896447	-0.30020071432428	1.41245049876202
210	CDBN_142_USPT_8_6	-57.6622847554683	3.85158501193326	NA	NA	1.07915540238875	NA	NA	1.93086798603463	NA	NA	-0.487354667442573	NA	7.81927850280143	0.0757472215871729	-1.94661402572715	-0.958780112294367	7.36386517857304	-0.6604991555858	1.5190681796134
211	CDBN_141_USPT_8_15	-371.487738719962	55.9515850119329	NA	-4.16469524221091	0.0791554023887496	NA	NA	1.93086798603463	NA	NA	-0.187354667442573	NA	4.15261183613475	41.0757472215874	-2.0894711685843	-4.62544677896104	4.36386517857304	-0.460499155585798	-1.81426515371993
212	CDBN_139_USPK_7_4	-427.029097846637	-43.3628738923233	NA	-0.471061276870268	0.799603562624417	NA	NA	NA	NA	NA	-0.528413737416667	-0.406598530771994	8.17646584918141	-595.732011745022	-1.39711803684659	-3.80759448967222	4.27035188529386	-0.335559553456135	-0.995665009194674
213	CDBN_138_USBK_CBB_5	-906.624936630114	-166.957109124316	NA	NA	0.410266399402138	-1.20477641939209	0.449075342191362	-3.21194283763847	-0.077090262749512	NA	0.090067223226236	-0.76846727332916	4.07658750233624	-262.540587090336	3.35394075188965	1.87655131575383	-1.96385304413623	-0.863287275953724	0.982635133674
214	CDBN_137_UI36	-482.265672483376	-47.8146633819418	-0.471147028000937	0.0132777383319936	NA	2.84061877461999	-0.602950381632647	1.18976275629799	0.239127009592035	NA	NA	NA	2.72027598421045	NA	-0.160642703842282	-0.158745859438652	5.298305000524	-0.0170732065860617	5.71037185631993
215	CDBN_136_UI137	-460.803514108148	-199.824723214865	NA	-6.83002056882041	0.171908803353487	1.46328358162534	-0.0573027462470722	0.563617374283491	0.112516457934553	-0.534515858420915	NA	-0.838765878368854	-0.309690508090846	100.071501103449	-1.55649971772759	0.825366606343054	6.03143579279019	0.399373204070237	3.61516136101168
216	CDBN_135_Spinel	-469.13039335278	-32.288291819647	NA	NA	NA	5.2601066458368	-0.545710676533644	NA	0.175884205081609	NA	NA	-0.368856859059383	NA	NA	0.451418759072074	3.69332339895617	4.17050396426628	NA	5.72458293833068
217	CDBN_134_Shetland	-679.770423241007	-208.457222841795	-0.611446409256823	-4.60908519047341	NA	1.24653944575903	-0.39718656232981	0.822301398870176	0.619274936391754	-0.011204996034566	NA	-0.678844320534868	0.974352654144303	591.918123265806	1.78988393504589	4.27525100593033	-2.85386789204464	0.0340720818344436	4.53980578629589
218	CDBN_133_RS101	-409.151264427951	-55.4466634127407	2.32042411691958	NA	-0.168291892043327	1.56267712780357	-0.388003537335837	0.418741878075186	0.203537030869932	-0.732437139510931	NA	-0.31073147822018	0.11335191817918	440.527995984034	0.483431744168443	-0.944114822387636	5.75656706046404	1.1551988100182	0.470483990899395
219	CDBN_132_Pulsar	-1050.17743750353	-206.939403341865	0.290899126445425	NA	0.117281524374402	1.25808444859671	-0.602950381632647	NA	0.239127009592027	NA	-0.966509295235368	0.151929371218363	-6.95220494129602	NA	-3.07687832719383	-2.51754553364592	7.01335904325895	-0.0170732065862643	3.06132325808779
220	CDBN_131_Opal	-770.845158451454	-188.793545881411	-0.221147028000687	-3.97564559258179	NA	0.840618774619794	NA	1.61442054377858	NA	NA	NA	-0.716265242173598	NA	NA	3.50784050079973	-0.127476801061996	-1.92875873891172	0.85264208104014	3.43236268252619
221	CDBN_130_Monument	-1071.91214415468	-236.704081234727	-0.709100873554777	NA	-0.042728418489537	1.25808444859665	NA	NA	NA	NA	-0.966509295235482	-0.848070628781698	-0.264685866802802	NA	1.00281389344673	-1.31226724971389	-2.14276551788914	NA	4.08737355865306
222	CDBN_129_L95F025	-576.764902045241	-198.928788283471	NA	NA	1.01821519940455	NA	NA	NA	NA	-0.64391361131985	-0.29271896392193	-0.706660979817714	0.441020505719362	489.52695254744	0.254928522166164	2.61946492453627	-0.97951202082601	-1.11099218794221	2.74311146597694
223	CDBN_128_L94C356	-553.685538784303	-57.2701756350901	NA	NA	0.410266399402138	1.79522358060793	-0.550924657808647	1.78805716236151	-0.077090262749512	NA	-0.40993277677377	-0.927308277511232	-4.35796242553308	-447.143482004966	-2.36649563861111	-8.96333728761668	6.55116080360256	0.0577534445326848	-4.19221010981047
224	CDBN_127_H9659_37_2	-978.640919177384	96.261048661356	NA	NA	0.742745284285608	NA	0.386325104033981	-0.436051949218883	-0.149220078288009	-0.64391361131985	0.00179843259071053	-0.634241612398083	2.75326326027445	-752.44081373933	-1.16690525123035	0.728267511541262	0.0975243680837368	-0.118141391676648	3.06651241819217
225	CDBN_126_H9659_23_1	-832.870466279654	47.3000278791916	NA	NA	0.909412088020125	NA	0.386325104033981	-0.0360519492188832	-0.149220078288009	-0.64391361131985	-0.131585137765468	-0.259914914673502	2.9387086364978	-381.557358659864	0.170703564160137	0.710831452127734	0.387488236714807	-0.0686227423918198	2.15461173861054
226	CDBN_125_H9659_21_1	-1190.49105379018	107.951598239027	NA	NA	0.594019412115143	NA	-0.61367489596602	2.51394805078113	0.85077992171199	NA	0.791113747002289	-0.241383811804219	8.2884847370057	-119.81649634793	2.00546519640981	3.69727016012605	-3.01684856702032	0.0519142845861349	4.05692839769283
227	CDBN_124_Fleetside	-596.447403927778	-195.111140890874	-0.185184927522607	-2.04360399358775	NA	1.77296387662733	NA	0.0369209396472898	NA	0.192144905852775	NA	-1.74064091837445	-4.07613784855323	204.221988928449	0.379981962307904	3.38101318884106	-1.9669313487044	0.0235451510460818	4.37702848374626
228	CDBN_123_Fiero	-1059.54686007806	145.346525351072	NA	-4.38607500128389	0.540196661687205	0.00455262951084385	NA	0.302640121391355	NA	-0.64391361131985	-0.709385630588584	-1.5058911435551	-5.19188744305011	-203.370792796166	-2.31504574314888	4.48128197444455	-3.25222903415826	-1.09624686228728	8.33711652671824
229	CDBN_122_Ebony	-838.304209841969	-183.605488783428	0.928852971999425	-5.13672226169551	NA	-0.159381225380261	NA	0.314509136676861	NA	NA	NA	-0.716265242173598	NA	NA	6.08907613392677	1.52036921239756	-8.42875873891171	0.0526420810401396	1.93236268252618
230	CDBN_121_Comet	-611.320086047692	-126.018118058713	NA	NA	0.185171799923723	NA	NA	NA	NA	NA	1.00915595467514	-0.817895138222724	5.95346995970175	585.551020032266	1.68844153760169	2.47066064866646	-3.25945504717065	-0.599112270530217	1.93333778628237
231	CDBN_120_CO_33142	-495.683756492349	33.0695658186957	NA	NA	0.831708107956681	1.56267712780341	-0.388003537335838	NA	0.203537030869932	-0.482437139510931	NA	0.0685096714165773	11.5140984586725	888.160501870866	0.64971713665063	2.90248385022375	2.561324128979	NA	4.14425356723284
232	CDBN_118_Amber	-607.569876341074	-11.225556075282	1.0288529719994	1.51327773806307	NA	1.84061877461991	NA	1.89915633557015	NA	NA	NA	-0.716265242173599	NA	NA	-0.910923866073251	-0.272248826793654	-0.928758738911656	0.352642081040163	4.43236268252618
233	CDBN_117_Agate	-699.102919482932	12.3869318583987	1.42885297199947	-4.13672226173697	NA	0.840618774619857	NA	2.83887267057937	NA	NA	NA	-1.71626524217361	NA	NA	-1.91092386607324	-0.951410044726367	1.07124126108834	-0.147357918959842	2.43236268252618
234	CDBN_116_AC_Trident	-786.418943149271	-189.073076774479	NA	NA	0.424146985084451	NA	0.386325104033981	1.7880571623615	-0.149220078288009	NA	0.488908896818981	-0.567527488275073	6.71397455094929	85.7476285012684	0.294128047987446	2.9373334252976	-3.88720929108629	-0.62475088017327	4.54928684542473
235	CDBN_115_AC_Skipper	-1325.53092107892	-167.744129139896	NA	NA	NA	NA	NA	NA	NA	NA	NA	NA	NA	-633.427145175116	-0.233844271481067	-3.11274408493597	-0.275817864873072	-1.37198600113599	-0.977856573071674
236	CDBN_114_UI60	-262.027311804496	-85.6992639038877	-1.26193326038084	NA	NA	1.8406187746197	NA	0.0913053560254049	NA	NA	NA	NA	NA	NA	NA	2.02706695346145	NA	NA	NA
237	CDBN_113_N81017	-904.175109058878	-182.693768140042	-1.70910087355476	NA	1.1172815243744	-1.74191555140333	0.397049618367357	NA	0.239127009592027	NA	-1.96650929523537	-0.848070628781648	8.22779505870396	NA	6.05221122697985	8.33719029283756	-10.9356194765606	-0.0170732065862631	9.38794251823247
238	CDBN_112_MRK44	-1456.22723455484	126.743916618381	2.80042411691966	NA	0.162712013514546	0.56095557898955	NA	1.91874187807517	NA	0.292769801880441	0.0334907047646349	-1.87549541188601	-3.34197248571726	-1409.69813709865	-5.76981053727989	-4.4328202621741	-3.52615055298485	-2.02729439693236	2.20513674000047
239	CDBN_111_ISB_730	-1162.68396706436	-189.87954294464	0.290899126445194	NA	0.55373604187042	1.56095557898964	0.397049618367356	NA	0.23912700959204	-0.707230198119566	-1.96650929523537	-1.90668465812377	-3.94325015247401	NA	-1.05812326403837	-1.03508885750649	5.78955468497622	-0.0170732065859418	1.6985390137331
240	CDBN_110_ISB_459	-351.726401464869	-82.441746676566	0.290899126445281	1.36717792827451	1.16271201351461	2.06095557898956	NA	NA	NA	-0.707230198119565	0.0334907047646341	0.0618425123411884	-2.65246540952991	NA	-2.29441140235139	1.79590178979192	5.85723448211025	1.12796988923228	6.51285022007175
241	CDBN_109_ISB_1	-1407.15550709999	-186.634712974338	-0.709100873554666	NA	0.617281524374404	1.25808444859671	0.397049618367356	NA	0.239127009592027	NA	-1.96650929523537	-1.53146632361186	-1.81220494129599	NA	-1.92728131377339	-3.62703013717907	-0.722868155508066	-0.0170732065862631	1.79174260902703
242	CDBN_108_GH760	-941.19741008784	-72.3158412265888	-0.709100873554868	NA	NA	-0.741915551403381	-0.602950381632648	NA	0.239127009592027	NA	-0.96650929523539	-1.21486201844208	-15.0597240157893	NA	-5.50732540083634	-7.10669583418756	10.5172054776079	-0.444551658676987	-0.0408401888129349
243	CDBN_107_D79054	-1033.06726973259	-199.461836112293	-0.594730834587924	NA	-0.0427284184895416	1.25808444859667	NA	2.55159226818507	NA	NA	0.0334907047646231	-0.848070628781688	-3.26468586680271	NA	0.345223985606169	0.137002420327292	-3.23750062680848	NA	2.06817299627908
244	CDBN_106_D77196	-990.543378929097	-206.846601255625	-0.244730834587839	NA	-0.0427284184895487	1.25808444859664	NA	0.670024203656542	NA	NA	-0.966509295235379	-1.28216793547765	5.73531413319733	NA	4.19898305701364	7.61773935458309	-13.3551922999788	-0.947357918959867	5.20668619622684
245	CDBN_105_D77135B	-598.233460019265	-30.9156335902586	NA	NA	NA	NA	-0.602950381632646	NA	0.239127009592028	NA	NA	-1.21486201844208	-12.5197240157894	NA	-5.25418063954776	-2.16937070891362	2.52536873996	-0.017073206586335	4.31529707926314
246	CDBN_104_D76125	-909.387699710236	-201.296744854817	0.290899126445239	NA	-0.042728418489537	1.25808444859665	NA	NA	NA	NA	0.033490704764493	-0.848070628781698	-5.96468586680278	NA	-1.4971861065533	-5.88369582114244	-0.142765517889117	NA	-1.51262644134693
247	CDBN_103_CO_12601	-930.854366376902	-201.468196908027	0.290899126445239	NA	-0.0427284184895369	1.25808444859665	NA	NA	NA	NA	-0.966509295235482	-0.848070628781698	-4.26468586680279	NA	-3.66385277321997	-6.16941010685675	0.857234482110892	NA	2.08737355865307
248	CDBN_102_83B16	-717.515915479891	-207.987615967152	NA	NA	1.16271201351462	1.86382670938222	NA	NA	NA	-0.707230198119565	NA	-0.438157487658857	5.34753459047016	NA	5.06609135380335	10.568272753113	NA	NA	8.89247723044253
249	CDBN_101_79146	-107.398120355188	-58.7057537105881	NA	NA	0.16271201351461	2.86382670938217	NA	NA	NA	-0.207230198119564	NA	-0.438157487658862	0.347534590470167	NA	-2.43390864619664	-3.58563874574919	NA	NA	3.39247723044254
250	CDBN_100_6123	-1383.87542341401	-204.909170152084	NA	NA	-0.168291892043323	1.56267712780341	-0.388003537335838	NA	0.203537030869932	-0.482437139510931	NA	-1.93149032858341	-10.9859015413274	-818.672831462471	-0.100282863349372	-1.32828538054551	-5.28867587102105	NA	1.78061720359648
251	CDBN_099_4533	-179.010333996939	-75.9514709505297	-0.709100873554796	NA	0.162712013514602	2.56095557898957	NA	NA	NA	-0.707230198119565	-0.966509295235368	-0.438157487658815	-0.652465409529779	NA	-2.67893774190678	-5.91616414940473	14.8572344821102	1.12796988923228	1.12962427016337
252	CDBN_098_OAC_Thunder	-687.563173245949	-177.400715699366	NA	-3.68607500126647	0.493520589595635	0.00455262951084648	NA	1.54534864187643	NA	NA	0.590067223226243	-0.617768012149359	4.20444119402576	95.7045558024954	-1.79781550225835	2.2499591320799	-0.768023141159595	-0.784161053755045	5.29339002545404
253	CDBN_097_Gryphon	-896.821889755647	-196.384725270954	-0.783654168683538	-1.69160641647184	NA	1.05633498798888	-0.397186562329811	0.67265916894903	0.119274936391738	-0.374527221671961	NA	-0.550535719749934	2.09591096390945	324.159302204369	0.462458749154645	4.77210038916443	-4.88305378919288	0.149996651165941	6.6069862427708
254	CDBN_096_Hungerford	-471.316427876877	48.1689861997665	NA	-5.47106127685668	0.655057184795929	NA	NA	NA	NA	NA	-0.337264748208029	0.104537688673755	-0.052986859113888	-234.287886882738	-1.93538698699434	-0.336140858489822	5.18538762848094	0.445303420513749	3.43599069990652
255	CDBN_095_Othello	-410.307705130463	-15.1045897098858	0.721580354022466	0.334872029021778	0.377485434792627	1.73052851419939	-0.522572063892241	1.84062791127919	0.41712169919166	-0.662237765875312	-0.195036428181555	-0.124513556388485	-2.59655752218421	215.697562597994	-4.37278452318708	-7.34022615344909	8.43917996685585	0.4051939989673	-1.6839472674028
256	CDBN_094_UCD_9830	-1043.48475955139	89.3955585917222	NA	NA	0.33758038956778	NA	NA	NA	NA	NA	0.696566469455814	-1.86452792294246	3.05813937841224	440.101831777621	0.430529974918086	9.15107161335784	-3.75363128061756	-1.05345445626125	8.97478783712592
257	CDBN_093_Isles	-1229.38662287814	159.360562045009	-0.88240299375188	-4.38607500128389	NA	NA	NA	NA	NA	NA	NA	-1.84834791897881	-15.7130633832586	-877.687660372785	-2.13789495307926	2.37148837043804	-7.77085503384546	-0.697456886896953	5.45379264512386
258	CDBN_092_1132_V96	-1339.72358100478	194.004172029914	NA	NA	0.688401933836504	NA	NA	NA	NA	NA	0.128992077420723	-1.703897933617	0.627672079875577	-438.760947640755	-1.88284750759128	2.61116255799447	-2.51431349995842	-0.920500532562071	5.42149433992609
259	CDBN_091_1062_V98	-1107.55422205626	90.2175368205836	NA	-0.471061276861432	0.925674961852077	NA	NA	NA	NA	NA	-1.1940738656871	-1.72925295373205	2.29985511810839	531.438887365368	-3.76593026896171	-2.86074889273388	-3.37932228858019	-0.502047827760802	3.04716602228103
260	CDBN_090_Redkloud	-1090.55404089736	118.271728432741	-0.174792391320666	-4.29779893083462	0.632962032383604	0.305374339526188	-0.49939754369609	1.27369779461877	0.128820442781721	-0.165991307104467	-0.96650929523528	-1.6734933439349	0.706446726499875	-520.49888416098	-5.19233977775986	-0.6145231099377	-5.93969602821663	-1.07160319635588	4.90491436270071
261	CDBN_089_Claret	-833.97164227486	-32.2146233018191	NA	NA	0.746579202272103	NA	-0.613674895966022	0.676002606571319	0.850779921711985	-0.64391361131985	-0.0680359977187206	-0.733489400831435	-2.95561194857888	-367.123110532786	-2.16615637550399	-4.41987547626813	3.5073039997222	-1.37764043195462	-1.3244495596989
262	CDBN_088_USWA_75	-1297.8707366941	191.810797578479	NA	-3.38607500129019	NA	-0.495447370489161	NA	0.302640121391373	NA	NA	NA	-1.85237124906203	-6.30149385692658	24.8420225655737	-0.799634079955179	6.08778739669356	-4.83317967326427	-1.07560766392662	8.23321012229774
263	CDBN_087_USWA_70	-1358.43889413747	188.359351287647	NA	NA	0.693398020213982	-1.20477641939209	0.449075342191358	NA	-0.0770902627495114	NA	0.298125918421779	-1.80628206404813	2.99749455100827	274.097172731561	-1.84927221012128	5.30857061029072	-8.25789918291176	-1.09415127898524	8.22565750017178
264	CDBN_086_USWA_11	-734.039157746726	-46.6899804615024	NA	-3.08607500129049	NA	2.00455262951084	NA	1.30264012139137	NA	NA	NA	0.147628750937973	-8.98816052359324	-1594.15797743442	-2.89054317086424	-8.61221260330644	7.96682032673574	0.0243923360733727	-3.87790098881335
265	CDBN_085_USPT_9_18	52.8670306148651	-42.5725049517942	NA	NA	0.393265144842997	NA	NA	NA	NA	NA	NA	-0.919692936534483	8.37216952341714	949.649078857475	-2.35814583231465	3.08983169980064	1.43455974805946	-0.522416159649973	6.38867709594305
266	CDBN_084_USPT_7_3	-283.958928068839	15.1472358277401	NA	NA	0.0738674224620091	NA	NA	NA	NA	-0.64391361131985	0.30073975839597	0.00439722009652046	3.60657939995528	-91.4566289956067	-2.44706203580486	-3.70795939755798	7.43462910467988	0.463557194768624	0.632859375046943
267	CDBN_083_USPT_11_9	100.933995609513	-32.5062136793984	NA	NA	1.0679693612373	NA	NA	NA	NA	NA	0.851612525868093	-0.788537654850202	9.21252784859376	391.861936379034	-0.65001660934241	-0.836254148003239	0.719283479712293	-0.596739734538887	1.89941910323379
268	CDBN_082_UIP7_24P_1P	-127.947312539789	-36.2478978369565	NA	NA	0.422827300773891	NA	NA	NA	NA	NA	-0.203433530544186	0.135472077057543	2.10901268575091	782.601831777615	-0.973768774535874	1.28238913728348	6.74636871938241	0.716063440405559	4.32284131716038
269	CDBN_081_Sprint	-1014.04744867607	-152.457020880797	-0.81159659166108	NA	NA	0.722929579950816	NA	1.28704230394896	NA	NA	NA	-1.8113594191562	-9.17694303461294	-852.415151481121	-3.07983387036972	-2.2897041280308	-0.0724994575392796	-0.421535516248238	1.20235669199398
270	CDBN_080_Panther	-625.676248676067	-205.984781178512	-0.811596591661081	NA	NA	1.72292957995079	NA	0.16204230394893	NA	NA	NA	-1.01135941915621	3.73972363205373	-101.239569217211	0.836832796296928	2.56744958768666	1.54000054246072	-0.631535516248237	2.24980925477824
271	CDBN_079_Nichols	-1426.20327539353	102.487867110053	NA	NA	0.242745284285609	NA	0.386325104033982	2.26394805078112	-0.149220078288009	0.356086388680153	-0.305249114231002	-1.66486020041881	-0.75540951825897	-676.38673460129	-1.27552497290525	3.32510808892838	-7.18984718140502	-1.21800703209435	6.60090244570821
272	CDBN_078_Mogul	-1515.06822738338	89.2554417481231	NA	NA	1.03534910382816	NA	NA	NA	NA	NA	-0.203433530544185	-1.86452792294246	-1.85224040790468	-1730.89816822238	-3.67710004576713	2.56839399455047	-4.25363128061755	-1.35345445626125	8.56703687699297
273	CDBN_077_LB_4815_B	-1078.42945420237	-170.205538638576	-0.882402993751954	NA	NA	NA	NA	NA	NA	NA	NA	-0.805459767764963	NA	1219.83185176291	6.51284752697442	6.66897732419821	-14.1260210333133	-0.316837367293033	1.56542994502794
274	CDBN_076_LB_4813_B	-584.601288738536	-208.094617039063	-0.882402993751954	NA	NA	NA	NA	NA	NA	NA	NA	-0.47212643443163	NA	572.58185176291	-2.94869093456404	-2.12751434127131	3.94897896668671	0.60459120413553	3.01997539957338
275	CDBN_075_ISB_782_1	-992.332348035423	-189.577566562831	NA	NA	NA	0.772963876627278	NA	NA	NA	0.192144905852774	NA	-1.40730758504112	NA	-355.689277695447	-0.0950991834675354	-0.315019140064212	-1.51034926168881	-0.662297126684763	0.913488010231447
276	CDBN_074_ISB_782	-1156.95944867607	-193.477402235951	-0.811596591661081	NA	NA	0.722929579950816	NA	0.91204230394895	NA	NA	NA	-1.8113594191562	-3.42694303461295	-536.540151481121	0.33683279629694	0.576962538635922	-1.73499945753927	-0.521535516248237	2.61902335866063
277	CDBN_073_ISB_721	-892.162883693218	-193.831902357519	-0.25824057718766	-3.01656114157462	NA	1.60289484843814	-0.345297783818418	0.565133899232467	0.161459610037606	-0.133910925838842	NA	-1.27518577178047	-2.6054135454786	242.856384588154	1.5081099706489	2.33564160258408	-2.93173997326042	-0.487473079320783	2.1703825054924
278	CDBN_072_ISB_672	-1178.72025559013	-196.979725003988	-0.131446409256744	-4.60908519049418	NA	1.57495880619558	-0.345297783818419	1.23274005891648	0.161459610037605	-0.303810334558591	NA	-1.71045458515285	-3.67208619596684	-492.609012749047	0.676616156067288	1.78423456055215	-1.16993814371011	-0.763666065029836	3.77388186965383
279	CDBN_071_Snowdon	-1245.52161905302	190.063252080563	NA	-2.50004115267336	0.683477367060528	NA	NA	NA	NA	NA	1.99999999889408	-1.99999999989988	-2.23746049091622	-1203.00001702637	-4.60608208478834	-4.17473443302142	-1.26531645307516e-07	-1.68938375491866	3.6029687325229
280	CDBN_070_R12859	-210.243837552623	-46.7607583529619	NA	NA	0.88492002702884	NA	NA	NA	NA	NA	0.9999999988941	-0.499999999899879	10.6306613379884	131.999982973636	-0.995870095029865	-1.14872095465032	2.99999987346851	-1.47826468725311	0.382748515359412
281	CDBN_069_Powderhorn	-104.809015014151	-42.6220587525693	-1.90612607174916e-09	-3.50004115266927	0.999999999339587	NA	NA	-3.63396571131336e-11	NA	NA	0.999999998894087	-0.999999999899877	7.75000000528045	-208.000017026372	-2.04986570325711	-2.23338780138757	1.99999987346836	-1.36250000074461	-0.311668615348025
282	CDBN_068_Gypsy_Rose	135.212576094367	-98.3148822482824	0.659999998093845	-4.11526840178934e-05	-6.60412063032834e-10	NA	NA	-3.63395606094733e-11	NA	NA	-1.10591251264233e-09	1.0012560821344e-10	7.50000000528044	891.999982973625	1.80737310307139	5.80912369500869	-1.00000012653164	0.312499999255389	4.39416662332956
283	CDBN_067_ElDorado	99.9421136242297	29.6476469565216	-1.90612592360662e-09	-4.115268401723e-05	1.49999999933959	NA	NA	-3.6339580933409e-11	NA	NA	-1.10591251329612e-09	-0.499999999899876	7.00000000528048	534.999982973626	-0.956970180725706	7.54018974853421	3.99999987346833	-0.362500000744609	8.19655291320484
284	CDBN_066_Bellagio	-1244.59474298171	150.362193372768	NA	NA	0.597789216439245	NA	NA	0.930867986034624	NA	NA	-0.4873546674426	-0.419692936534485	2.20581349660812	-28.6375869604623	-1.64124569462243	3.69809745444904	0.399212463316145	0.080429107670467	7.64680465810209
285	CDBN_065_UI465	-370.273826099773	-24.8413046141555	NA	-3.68607500126902	0.81250212891913	1.64988810505936	-0.582299776887334	1.28329408608623	0.886844829481236	NA	-0.791386252997706	0.00117112769889587	-0.194634126580999	130.395051966022	-1.47136460093535	-0.0928390597018268	7.98309533402122	0.909997397682377	2.9096242513938
286	CDBN_064_Rexeter	-511.839392115982	-200.804038513028	NA	-4.2576115742169	0.996841206418716	NA	NA	-1.06913201396538	NA	NA	0.172983264552498	-0.690786226590768	6.8347925866698	585.624102724464	1.32935241647077	7.67004007896016	1.70321290373821	-0.458960013160666	8.25513669298488
287	CDBN_063_OAC_Inferno	-471.68784660876	162.193385262558	NA	-3.33236819741552	0.85457158287622	NA	NA	0.930867986034609	NA	NA	-0.568162134463151	-1.43587805946331	4.78501964005258	1343.97922219141	-2.97698456461397	5.06156294667541	-3.63895048941558	-0.069695441677637	8.62846858792205
288	CDBN_062_Fathom	-77.7565609090196	-166.777823427932	1.32999999809399	-4.11526840172742e-05	-6.60412042916646e-10	NA	NA	-1.05000000003635	NA	NA	1.99999999889408	1.00125908260407e-10	5.00000000528046	1060.99998297362	-1.81420898705416	5.69784181788553	-1.00000012653164	-0.700000000744607	6.89691042728365
289	CDBN_061_Yeti	-777.257046279348	129.69860499726	NA	-4.50004115266518	0.683477367060529	NA	NA	NA	NA	NA	-1.00000000110591	-1.99999999989988	2.31511589449832	425.999982973623	-1.86864538770064	1.67792626637005	-5.00000012653165	-1.08938375491866	5.31925352993251
290	CDBN_060_Talon	-1145.56019331033	110.081075441163	NA	-4.50004115266518	0.683477367060529	NA	NA	NA	NA	NA	-1.00000000110591	-1.99999999989988	0.334574519246097	-589.00001702636	-2.31759534621742	-0.324103497334285	-4.00000012653164	-0.71438375491866	3.2203042093858
291	CDBN_059_SF103_8	-215.702511712034	-20.4882941096337	0.659999998093845	-4.1152684017563e-05	-6.60412040416615e-10	NA	NA	-3.63396615905926e-11	NA	NA	-1.10591243443247e-09	-0.499999999899876	6.00000000528047	71.9999829736248	-3.02868659971112	1.8361674869547	3.99999987346833	0.0624999992553903	5.19594560524223
292	CDBN_058_Rio_Rojo	-528.862216864358	-79.1792769454338	NA	-4.35052790625098	1.07641488724811	NA	NA	NA	NA	NA	3.25469193523194	-0.364128088387624	4.64318289675286	126.909648439786	0.0759322550942235	-0.0605439529719399	0.295143208608671	-1.31052240180797	-0.167346275542055
293	CDBN_057_Linden	-1158.91012035519	129.42408149696	NA	NA	-0.837287986485398	-1.13617329061778	NA	NA	NA	0.292769801880437	NA	-1.93815748765884	15.3475345904702	NA	0.816091353803343	4.1842290295707	NA	NA	11.3924772304425
294	CDBN_056_Jet_Black	-656.62009716196	-157.604118769192	NA	NA	0.427778825452403	NA	NA	NA	NA	NA	1.4880659689516	-0.655624674086726	11.8568510321696	980.781966417142	4.14781069956873	7.08335384512612	2.8130075147534	-0.814355737960122	6.1773607971678
295	CDBN_055_IP09_3	-412.143502446986	12.9515850119334	NA	NA	1.07915540238875	NA	NA	1.93086798603463	NA	NA	-0.787354667442573	NA	2.15261183613474	157.075747221587	-0.6608997400129	0.930108776594528	3.36386517857304	-0.010499155585795	1.51906817961341
296	CDBN_054_23ST_27	0	0	0	0	0	NA	NA	0	NA	NA	0	0	0	0	0	0	0	0	0
297	CDBN_053_UI320	-443.67952239049	18.720228728022	NA	-3.68607500126902	0.839861269839111	0.899888105059363	-0.0822997768873301	2.03329408608623	0.386844829481238	NA	-0.416386252997705	0.102296615561341	-0.487003342201753	-659.482799507617	-3.75360953309767	-6.54508429053204	14.4512228761384	0.422965604210299	-1.83971232886691
298	CDBN_052_Canario707	-782.988694530674	69.4083519438198	NA	NA	0.611534166203853	NA	NA	NA	NA	0.356086388680153	-0.105483758107131	-1.54608542713455	1.90924434140374	1344.24462763573	-0.663177719561497	9.59265720167023	-0.787990247738447	-0.109319172416123	11.4470795537137
299	CDBN_051_AC_Calmont	-1148.8776182091	111.479984950072	NA	NA	0.563405401922117	-1.20477641939209	0.449075342191366	-1.21194283763848	-0.0770902627495111	NA	0.0900672232262604	-1.76846727332916	1.64347798689104	-153.137401374839	-1.51401011516393	3.45468669727376	-3.22272810897783	-1.06737119786182	6.30822395392636
300	CDBN_050_Aurora	-822.670186930961	-232.961066069523	-0.825353855655577	-5.74749934255287	0.787582746869739	1.43841724217991	-0.17042366473231	0.149842342869396	0.120921506469549	-0.544985129454798	-0.966509295235326	-0.529564021941543	0.78571837341287	167.098478340989	1.00764064962177	3.85026236464888	-1.24114730557681	0.23958518410464	4.21986755120727
301	CDBN_049_UNS_117	-128.441444354507	-31.8012952114775	0.290899126445194	-0.885913494568674	0.399613837171618	2.23367267395311	-0.496865032764183	0.865524046819599	0.340311045115249	-0.522629913704596	0.0334907047646342	-0.0212643766801569	-0.931856567465304	1001.37068031838	-3.13370937210472	-0.0276469541210025	7.73701906333505	1.68931942908967	5.0423770050735
302	CDBN_048_ISB_5893	-581.598703849366	-10.6796065150743	NA	NA	0.25807965465647	2.29522358060794	-0.550924657808647	1.78805716236151	-0.077090262749512	NA	0.090067223226229	0.0726917224887679	-2.02206652236729	-122.154358756358	0.35011880947149	1.13772094142469	5.66943684124309	1.71161925795265	2.46124817605626
303	CDBN_047_ISB_565	-1017.3892519583	-190.040323916606	0.00853357497906483	-2.81662162813608	NA	1.07495880619553	-0.345297783818418	0.955860127103083	0.161459610037608	-0.553810334558592	NA	-1.71045458515285	-4.95776720812098	-467.222082128233	0.919109445948042	-3.00865987791275	-2.98278074208164	-0.661725009254687	-2.23002259517374
304	CDBN_046_ISB_5172	-920.199473682596	-22.8029512027593	NA	NA	0.594019412115143	NA	-0.61367489596602	0.763948050781123	0.85077992171199	NA	0.166113747002287	-0.241383811804219	-1.2115152629943	-316.181496347932	-0.0757034399538226	-1.67572459699778	2.628945153192	-0.0945440487472052	-0.0801049356404494
305	CDBN_045_ISB_486	-1163.86195875141	-209.320773618607	0.268553590743255	-3.60908519050485	NA	1.57495880619559	-0.345297783818419	1.99204681126141	0.161459610037605	-0.0538103345585912	NA	-1.72641292637454	-8.13178905157968	-716.456707441335	-3.3725443913891	-1.68098444698088	-0.735355010012711	-0.682260868531124	3.45915342237041
306	CDBN_044_ISB_2598	-883.240746770959	-165.71415734311	NA	NA	0.594019412115143	NA	0.386325104033978	3.26394805078113	-0.14922007828801	NA	0.333613747002287	-1.57471714513755	2.7259847370057	282.70050365207	0.704296560046154	3.23076984744686	-1.6091224163749	-0.608710715413862	4.8504700643596
307	CDBN_043_ISB_254_4	-846.149995417382	-198.193019952093	-0.882402993751827	-3.38607500128124	NA	0.504552629510845	NA	1.30264012139134	NA	NA	NA	-1.09102393639301	4.41183947640665	-34.1081882830016	0.798836146092088	1.66983689066531	-3.85143857389683	-0.230329522649749	1.85697708482137
308	CDBN_042_ISB_254_1	-778.244649866241	-191.980518007858	NA	NA	NA	NA	NA	NA	NA	NA	NA	-1.22445646894058	NA	982.537713683631	1.08527603210371	2.26874730923306	-4.57702739258762	-0.037049407219887	2.57438889716265
309	CDBN_041_ISB_23	-1256.46651110074	142.455402880653	0.117597006248261	-4.06387729582198	NA	0.45347950502384	NA	-2.92305892016126	NA	-0.807855094147228	NA	-1.77305034306971	-3.06088672280734	-1232.25044639489	-4.20843539347365	0.57597692214861	-3.33706257257746	-0.67077221205594	5.21474781326477
310	CDBN_040_ISB_2001	-384.762009319635	-17.249546362911	1.11759700624814	-4.08607500128301	NA	1.00455262951085	NA	0.302640121391362	NA	NA	NA	-0.273431827962227	11.4069366167413	508.988495686465	-2.35482797112645	-3.01646574570034	10.1381411000924	0.461225883050345	0.73476989900628
311	CDBN_039_ISB_1814	-1004.80633482791	-194.01243459543	NA	-4.38607500127497	0.783167762445941	1.14988810505936	0.449075342191368	0.302640121391417	-0.0770902627495113	NA	NA	-1.86553875781127	-2.25319009247518	-588.264185372322	-0.110439391269143	1.97818676846406	-1.05287228444256	-0.887023590350047	3.26033056346219
312	CDBN_038_ISB_1614	-1079.75602953164	-194.215910564345	-0.882402993751848	-4.38607500128389	NA	1.50455262951086	NA	0.302640121391343	NA	NA	NA	-1.84834791897881	-3.09149385692669	-291.548950725429	0.704000174645646	1.30108613841375	-5.03632758323974	-0.849562445616243	1.5120817060894
313	CDBN_037_ISB_1256	-757.701497426453	-188.999383689323	NA	NA	0.43198638062144	-1.20477641939209	0.449075342191362	1.78805716236151	-0.077090262749512	NA	1.09006722322623	-0.768467273329159	7.32194152065074	589.154853824428	-0.307780752476247	3.5323282437076	-2.01760912569795	-0.909362318073887	5.32507392475545
314	CDBN_036_ISB_1252	-780.78446002974	-190.917527254677	NA	NA	0.243520589595634	NA	NA	1.78805716236152	NA	NA	1.09006722322624	-0.756977451823429	5.38586699425277	276.348582323806	-0.442543884454938	3.36049657703956	-1.12168997689259	-0.87451049102718	5.55883333083456
315	CDBN_035_ISB_1145	-436.95288943333	-22.4230372721983	NA	-1.47106127681664	0.366300706664792	NA	-0.613674895966023	2.21394805078111	0.850779921711984	NA	-0.59116770601548	0.170253271238337	-1.90411443120207	342.87094477873	-0.176442055451958	-0.312028596593705	3.6238827577358	0.959171700041185	1.42652205557356
316	CDBN_034_IS_4924_B	-750.109454202375	-173.147573593579	-0.882402993751954	NA	NA	NA	NA	NA	NA	NA	NA	-0.805459767764964	NA	861.581851762909	-1.79484478071788	1.60231065753157	-3.45102103331329	-0.181123081578749	4.47452085411881
317	CDBN_033_IS_4923_B	-791.297288738537	-209.70071810874	-0.882402993751954	NA	NA	NA	NA	NA	NA	NA	NA	-0.138793101098297	NA	1383.58185176291	0.66669368082057	3.80105708730002	-5.90102103331328	0.397448346992678	4.38361176320975
318	CDBN_032_IS_4914_B	-497.409288738535	21.1109588853466	-0.882402993751954	NA	NA	NA	NA	NA	NA	NA	NA	-0.472126434431631	NA	193.331851762916	0.128232142359029	0.729628515871511	5.99897896668675	0.597448346992674	1.83815721775522
319	CDBN_031_IS_4907_Ba	-1083.99043791997	127.053372098848	-0.882402993751954	NA	NA	NA	NA	NA	NA	NA	NA	-1.80545976776496	NA	-663.668148237082	-1.38990684898662	1.84419956752397	-3.72602103331328	-0.593906975004167	3.67136504665206
320	CDBN_030_IS_4905_B	-829.377288738538	-183.398660827165	-0.882402993751954	NA	NA	NA	NA	NA	NA	NA	NA	-0.138793101098292	NA	1089.58185176292	0.589770603897492	2.94391423015717	-1.95102103331327	0.618876918421245	3.47452085411885
321	CDBN_028_H9673_87	-763.7432143739	-182.539862592165	NA	NA	0.568751320430973	NA	0.386325104033981	1.06394805078112	-0.149220078288009	-0.643913611319851	0.0715523926433615	-0.634241612398082	6.75082613940626	-243.923957199157	1.64349005637465	-0.0787664204319575	-0.642633333665573	-0.829950150330988	-0.00952754413203115
322	CDBN_027_H9659_41_3	-1026.9164409418	52.0313207270651	NA	NA	0.594019412115143	NA	0.386325104033978	0.713948050781124	-0.14922007828801	NA	-0.0613862529977132	-0.574717145137554	6.47598473700567	-470.00149634793	0.904902620652245	1.84187540300235	-3.32069748889605	-0.426627382080529	2.73337839769288
323	CDBN_026_Frigate	-493.469010467941	-182.670451455226	NA	NA	0.496564056000727	NA	0.386325104033981	NA	-0.149220078288009	NA	0.482281389524015	-0.647254354539836	12.2844245708869	922.308894784492	-1.00740399582313	3.15317744852217	-0.396468792798464	-0.472209960312013	6.23338513431135
324	CDBN_025_Flamingo	-325.449281026309	-6.93860201373348	NA	-0.885913494615448	0.867299801161765	NA	-0.122424056692232	1.86552404681973	0.516481091346645	-0.540517076199882	NA	-0.449613572342173	-0.0638777306561301	-215.390503340975	-4.96573372107262	-6.1730983419853	12.6245867064339	0.768558632687332	-0.679809965598435
325	CDBN_024_Elizabeth	-447.988719809466	10.1134721426448	NA	NA	0.584172910834119	1.29522358060793	-0.550924657808647	1.78805716236151	0.922909737250485	NA	-0.40993277677377	0.0726917224887709	-0.679627685476637	-455.01656445675	-2.00531810081466	-4.3740481101563	9.36237542740657	0.843743205670309	-1.18156662957923
326	CDBN_023_CU_M90	-571.372498241788	-189.402414939125	-0.185184927522607	-3.39360399360175	NA	0.272963876627302	NA	-1.23807906035271	NA	0.192144905852774	NA	-0.740640918374451	4.25719548478002	770.876948897104	4.98976510080855	4.12366426422835	-2.32163483985659	-0.615379460644461	0.836418385390412
327	CDBN_022_Cran34	-1093.10454836607	89.9410072618507	NA	-4.06387729584123	NA	NA	NA	-1.42305892016126	NA	NA	NA	NA	-11.0608867228073	-592.247026297702	-2.89627606893802	-2.99212034915741	-0.564278305069221	-0.509231910738411	1.98896916585263
328	CDBN_021_CPC_00250	-793.197521263892	-4.99260473368854	NA	NA	0.843715728558668	NA	-0.61367489596602	NA	0.85077992171199	NA	0.666113747002291	-1.70037503487863	-1.1490152629943	222.24050365207	1.21975110550072	5.40617622073224	-0.833780057261671	-0.718548454199149	7.34667423102616
329	CDBN_020_CPC_00247	-1202.59074636205	141.439611123173	NA	NA	0.890403340345393	NA	NA	NA	NA	NA	0.200427494462147	-1.703897933617	-4.18864067511904	-923.674622640754	-5.54757000218673	-3.57979525068751	3.9808487909132	-1.34819982065738	3.34737607838622
330	CDBN_019_CPC_00153	-1035.86253394258	5.6945743996899	NA	NA	0.759089904862344	NA	-0.613674895966023	NA	0.850779921711984	0.356086388680162	0.354498883551682	-1.60371605325907	-3.3190208806036	-262.248770620308	-0.54316475578016	6.22012788072179	-4.22089856218689	-0.570557202030626	8.94263502063964
331	CDBN_017_CO_64342	-205.017101043376	-20.3519615695854	NA	NA	0.344019412115143	NA	-0.61367489596602	2.81394805078113	0.85077992171199	NA	0.103613747002291	0.258616188195783	-2.2740152629943	337.42250365207	1.06617238258531	-0.106655152553308	10.0914862765169	1.07337261791946	1.20266589769291
332	CDBN_016_98_209G	-157.893978378546	-16.1325768705064	NA	NA	0.713515468712104	NA	-0.613674895966021	-0.236051949218881	0.850779921711988	-0.64391361131985	-0.0850054919386399	-0.0290271651118334	-5.80003244492678	143.867801276628	-1.28203632602338	-2.16100659528658	8.05126442141275	1.00818985353203	1.05780561597756
333	CDBN_015_98_163G	-396.978288581617	-15.9307945041945	NA	NA	0.510382395225335	NA	0.386325104033978	1.06394805078112	-0.14922007828801	NA	-0.14638625299771	-0.241383811804219	3.2884847370057	422.447503652069	-1.4214610157114	1.02700040300234	5.74111113640037	0.263832498181802	4.20814923102625
334	CDBN_014_97_409P	-270.31334891863	23.2001198041471	NA	NA	0.993520589595634	NA	NA	1.78805716236152	NA	NA	0.590067223226243	-0.156977451823429	-3.47127586289008	-485.984751009533	-2.59639003830108	-5.06807485153182	11.8783100231074	0.208822842306147	-0.857833335832139
335	CDBN_013_94_1009P	-188.86446002974	18.4942374512059	NA	NA	0.493520589595634	NA	NA	1.78805716236152	NA	NA	-0.409932776773757	0.0430225481765712	-3.18556157717579	206.015248990465	-1.51946696137801	-2.21093199438895	7.21164335644073	0.708822842306144	0.975499997501212
336	CDBN_012_93_219P	-344.858472945062	4.77448094227315	NA	NA	0.646713584587925	NA	0.386325104033978	-0.236051949218876	-0.14922007828801	NA	0.348828312016741	0.00165977714351794	-1.07308743168887	-434.030048372221	-3.99421880089155	-5.00035663136206	9.65649921207881	0.614123500260321	0.410423377682125
337	CDBN_011_93_208G	-329.635983224671	-18.2044213886191	NA	NA	0.313515444039888	NA	0.386325104033981	2.06394805078112	-0.149220078288009	-0.64391361131985	-0.314343909566666	-0.17796601309746	5.01926938394182	204.931044422344	-1.67305309002894	-0.185557136569091	7.15321371702486	0.523981725881603	3.20638625807477
338	CDBN_010_93_207G	-312.81988484409	-10.2197282998241	NA	NA	0.628661319869464	NA	0.386325104033981	1.67600260657132	-0.149220078288009	NA	-0.474104518541913	-0.0908366360798982	-1.12295449300398	132.177206861313	-2.5800627726479	0.413149572248172	5.0254949390993	0.47062771187912	4.5499794455596
339	CDBN_009_88_409	-554.898105115146	-212.306417788986	NA	-3.68607500128989	NA	1.00455262951084	NA	0.302640121391373	NA	NA	NA	-0.852371249062029	-1.48816052359324	884.842022565566	-1.61781589813697	-1.11221260330655	1.71682032673569	1.07439233607332	1.67765456674221
340	CDBN_008_87_1116	-486.764348035422	-54.0216203252479	NA	NA	NA	1.43963054329394	NA	NA	NA	0.192144905852774	NA	-0.407307585041142	NA	570.310722304563	-0.595099183467585	-2.37751914006415	4.28965073831123	1.08145287331523	-1.08651198976856
341	CDBN_007_88728	-817.945005413177	8.79254838864731	NA	NA	NA	0.703479505023811	NA	NA	NA	0.192144905852774	NA	-1.0739742517078	NA	184.310722304551	3.75399096467883	4.30200892961176	-4.15034926168884	0.090248985813824	1.67788675478819
342	CDBN_006_55012	-550.778229926613	-59.3990245716112	NA	NA	NA	2.43963054329394	NA	NA	NA	-0.807855094147227	NA	-0.407307585041132	NA	-306.939277695438	-3.6450787278759	-6.87751914006412	6.12965073831123	-0.118547126684768	-1.39420429746084
343	CDBN_005_54028	-386.592849813841	-32.08259643887	1.40368728422655	0.483701326769379	NA	2.07495880619557	-0.345297783818418	1.86173028587204	0.161459610037608	-0.30381033455859	NA	-0.240087054495996	5.2205827456848	513.251503599857	-1.38625869663871	3.17016998580834	3.37489739141307	0.61513135122803	5.82375896906106
344	CDBN_004_5501	-323.749883366556	-60.1121522814702	1.11481507247734	-1.04360399362392	NA	NA	NA	0.786920939647301	NA	NA	NA	NA	-0.286595389369592	506.552973702298	-4.32800689753256	-2.84335572476028	5.13572169493079	0.373528201204782	3.1190654448063
345	CDBN_003_5229	-299.212661529182	-71.7154898844813	1.00160924040811	-0.393603994083649	NA	2.72292957995118	NA	1.68205736024121	NA	NA	NA	-0.211359419156179	1.32202555534567	146.740874858592	-2.11451707351239	-0.553912508441523	2.52851291420276	0.940852539653328	2.5947095010783
346	CDBN_002_2242	-1210.96515898399	91.6113692435931	NA	-4.08607500130077	NA	1.00455262951086	NA	2.30264012139134	NA	NA	NA	-1.85237124906203	-12.5581605235933	283.144242367117	-5.59801423807813	-1.5894534626019	-2.71525059442506	-1.29161047082495	5.26699632363458
347	CDBN_001_1543	-1012.4517172884	-208.855047433929	-0.691296226852635	-4.60908519047486	NA	3.42698803243988	-0.345297783818421	-1.53613409162066	0.161459610037604	-0.303810334558591	NA	-0.827345188394749	5.59701198102224	1541.17970525562	6.89589161209303	8.72619183516049	-13.175819580021	-0.255940716333706	3.56012152348883
