Taxa	BM	CB	Det_scr	Earliest_Year_CDBN	GHmode	CT	DF	DM	HB	PH	RU	SA	SF
CDBN_054_23ST_27	194.354231671869	0.109227847311378	2	2014	3	NA	0.882259287917708	-0.369521150104776	-0.0739241347975059	-0.926792378535945	1.69329404090998	-0.0531539161201348	-2.26012564255825
CDBN_171_CELRK	-855.833936843825	0.758565657284254	1	1990	1	0.180483438605641	-4.63878099423025	-5.05733106974239	-0.016492280007883	-6.36101147793883	0.203629340316832	-0.00720706247414732	-0.108527349562396
CDBN_185_CO_91212_4	45.6902369136427	NA	2	2014	3	NA	1.78275624633735	1.31880040892044	NA	3.46799793139624	-2.67869045786145	0.0547706988470945	-1.51572888289941
CDBN_067_ElDorado	239.686858934651	0.0643351324239061	2	2014	3	NA	0.00798979037141838	6.6730669669205	-0.232617285736194	3.31161767983147	1.72963186149493	0.131752555023515	4.08725324817512
CDBN_062_Fathom	388.609517279098	-0.254312365864098	2	2014	3	NA	-0.478982193603329	5.03406513735737	-0.100557632987732	1.04137044927662	1.44246252369903	-0.0712000714914644	2.9783372174039
CDBN_068_Gypsy_Rose	342.370260071747	-0.0882287177801084	2	2014	3	NA	2.60146169251079	5.01320374927133	0.0167303289923651	3.39990858129465	0.258366704343777	-0.0826551246882564	0.611701462622885
CDBN_172_Majesty	-681.006921187703	0.192239604415485	2	2011	2	NA	-0.454829250390424	0.11943435314877	NA	-2.17641399328288	-0.256407016394229	0.0538900765909185	0.792290484224124
CDBN_173_ND060197	15.3373764449141	NA	2	2014	3	NA	0.0920095116032815	-2.79004900873481	NA	1.96732117894556	-1.73861657015833	0.0350363381604656	-3.28875233890571
CDBN_160_NY_105	-747.376283617748	NA	1	2014	1	NA	-3.61340206402051	-2.50816199177667	NA	-3.89404706739482	0.460897351230847	0.0572027744019764	1.71643325302073
CDBN_063_OAC_Inferno	-81.1293168254322	0.119885145180375	1	2011	1	NA	-2.1903223447513	4.16914106973465	NA	-1.09296759763756	-1.10882114279036	0.0538818048806706	4.57762234981729
CDBN_095_Othello	-11.2876501722629	0.321655585525286	2	1984	3	-0.16691792920874	-3.5236618878038	-7.97508403782277	0.290544292822526	-4.83983409044459	3.4022493945434	-0.192412688484087	-4.37941499801105
CDBN_069_Powderhorn	172.847442048133	-0.125045907179489	2	2014	2	NA	-0.7941172117923	-2.27173983146282	-0.185220931896614	4.12482568217693	-1.15997179066079	0.122670980058347	-2.38159044313414
CDBN_070_R12859	59.9175185622521	NA	2	2014	3	NA	0.436403343264354	-1.30319274592582	NA	4.45784603942938	-0.832164178275373	-0.000750444228253907	-2.48100527634333
CDBN_236_Rosetta	281.733024976859	NA	2	2012	2	NA	1.45970351695731	1.6027641716141	NA	5.14425147316471	0.48920348383529	0.0717973107860675	-1.28470699101294
CDBN_161_Rosie	-489.898086750315	NA	1	2014	1	NA	-0.944036250413465	2.26046369930735	NA	-2.37151927957129	-1.06686751802908	0.0199045330366904	2.67885702013429
CDBN_059_SF103_8	212.874353618983	0.107147172862288	2	2014	3	NA	-1.87845875526266	1.27553882018438	-0.11484681201362	1.75597205958105	1.59144158970816	-0.0690352106484336	1.79031678220148
CDBN_071_Snowdon	-826.685740840138	NA	1	2014	1	NA	-3.25170651044204	-3.73567005580578	NA	-3.83705861846214	-0.218757716327624	0.056003719383906	1.55047827737287
CDBN_310_T_39	414.89804423619	-0.21634049691191	2	2002	3	-0.0328809626713622	4.09577609454839	4.080452921114	0.316007656326156	1.20445603644753	-2.77637991679092	-0.0732807500830538	-0.534331918035768
CDBN_060_Talon	-582.149113914341	NA	1	2014	1	NA	-1.38712794824332	-0.019979217241265	NA	-3.27790265641206	-1.23010210373752	-0.00993335349029437	2.31325771671926
CDBN_235_UCD_9623	-341.72239282308	NA	2	2014	2	-0.104573991571411	-2.86836299508412	-4.28178223750347	NA	-0.254498811894764	1.86704802295851	0.124508934528032	-1.15388594841262
CDBN_218_UCD_9634	-152.282161349951	NA	2	2012	2	NA	-1.76559946621763	-1.23990536015378	NA	1.29916206958309	1.83806901308239	0.043561756269219	0.154662404248047
CDBN_343_USPT11_13	241.849428191138	NA	2	2014	3	NA	0.865795718278122	0.703838470918727	NA	2.61840553757618	-2.57830413556859	0.0313160593706737	-1.50844515420785
CDBN_061_Yeti	-579.705192797395	NA	1	2014	1	NA	-0.951502477570197	1.1914962824118	NA	-3.93778124098911	-0.945340614517294	-0.0281562415127498	2.65067850668173
CDBN_052_Canario707	108.557686746322	NA	1	2013	1	0.208912329790066	-0.189356857070928	8.10118748678775	NA	-1.50844041109797	NA	0.0378094520022501	6.67070751889658
CDBN_064_Rexeter	399.863351074407	-0.547830031809708	2	2010	2	NA	1.76954445130368	7.14073341497254	NA	3.06686712969893	-0.773651253597508	0.0707762855507486	5.00387407277053
CDBN_262_GN9_4	338.65856780142	NA	2	2013	2	NA	0.490012944004235	1.01005560378944	NA	4.57644901812201	NA	0.0983140167189931	-0.337505844464356
CDBN_083_USPT_11_9	204.795145549236	NA	2	2013	2	NA	0.560492838384119	-0.902568162122022	NA	3.51856563302509	NA	0.054487862747991	-1.82474469148703
CDBN_143_USPT_9_6	246.503044881928	0.16539450366521	2	2011	2	NA	1.64118539351884	1.06508092772409	NA	1.19637151514803	-2.37418601581662	0.0612202031566512	-1.2657090983543
CDBN_253_Coyne	169.063999161283	-0.206445784568476	2	2011	2	NA	-0.77007726524877	-1.79359911786137	NA	-3.01882116807626	-1.87974426210353	-0.00921366868230755	-1.4836914868824
CDBN_237_Longs_Peak	79.2991654116018	-0.0219667566030447	2	2011	2	NA	1.00927935320529	0.566188453701987	NA	4.04037920218681	-1.63621304545439	0.0333414469813509	-1.2273590295369
CDBN_058_Rio_Rojo	101.58520647699	NA	2	2012	2	NA	0.614313662477719	-0.382489276353089	NA	2.40347798317897	-2.2794409350252	0.0601519394631199	-2.20884695802998
CDBN_217_Stampede	318.004110760398	-0.0613757717923365	2	2008	2	NA	0.652145226389361	0.416988285200372	NA	5.11622113384162	-1.9673039618738	0.121456546803318	-1.22160149621166
CDBN_167_UCD_0801	-194.117856892735	0.0214884997021746	1	2011	1	NA	1.14063216956725	6.76734333023921	NA	-1.354508464136	0.206651586235716	0.0860350307704767	5.93211065407222
CDBN_261_GN9_1	250.653508296731	NA	2	2012	2	NA	0.348323543723337	-0.518410259291706	NA	-1.43558356437346	0.88487575786511	0.00292285673181296	-1.27806711309404
CDBN_243_Apache	-50.5122809239224	0.341307054388529	2	2011	2.5	NA	-1.56175855222187	-5.23399206928085	NA	3.227553113892	-1.32803048999246	-0.0340475737857975	-3.36301135424957
CDBN_295_Avalanche	-8.46462947629551	-0.255705694718149	2	2008	3	NA	2.20895201178303	2.84105729507111	NA	3.73394433162645	-0.20485465798478	0.0363623509355386	0.127432082446097
CDBN_066_Bellagio	-337.971524227909	-0.123338636472688	2	2010	2	NA	-0.986236170534733	3.18097051895201	NA	-1.79610266565047	-0.832589009344404	0.0314141666578556	4.35647134470844
CDBN_269_IP08_2	-157.380384968493	-0.00940642802732464	2	2009	2	NA	1.59318823489621	2.44933762381533	NA	0.384428586974063	2.01541378111853	-0.114966453406382	0.788006214015096
CDBN_055_IP09_3	52.1753336613055	0.148710577670278	2	2011	2.5	NA	-0.234888854306376	0.0865155625962638	NA	-1.18811144832816	-0.988678674832772	-0.0783702690816351	-0.966737150278321
CDBN_195_Lariat	641.728523211007	-0.204554959358125	2	2008	2	NA	1.53487727064442	2.19036458019252	NA	7.06612248664402	-1.7576652538189	0.0512242697182291	0.287314515838899
CDBN_305_Max	-223.964559838293	0.373368938815357	2	2005	3	NA	-2.97856191843851	-7.81682421618626	NA	-4.28848123912603	3.12692200084574	-0.172273043919077	-4.88071551768814
CDBN_174_ND307	372.632777075717	0.292960712542244	2	2009	3	NA	0.387653193625159	1.23215682001498	NA	3.87142450076937	-1.36842609183992	0.118992136277976	-0.0617771271234894
CDBN_214_Sequoia	-272.479192162399	0.305253421498171	2	2007	2	NA	-0.312940206500948	-2.07739319482111	NA	2.7276512152605	-1.70044297601191	0.0376222795615698	-1.78610328890084
CDBN_141_USPT_8_15	-17.5129432476304	0.200285408326523	2	2011	2.5	NA	-1.28476189632112	-4.42286967356438	NA	-0.121401195104359	-1.93363862630643	-0.0565861297909808	-3.06609267798919
CDBN_142_USPT_8_6	4.12204617860184	0.22434266419352	2	2011	2.5	NA	-1.08692656555384	-1.37913304955191	NA	1.66146378509889	1.69429441539772	-0.0392885230527703	-1.07411978478518
CDBN_255_Eclipse	618.741898112897	-0.32650069058741	2	2004	2	NA	3.56569653087593	1.24210789551537	NA	4.09422597184686	-2.38149040215526	0.0867980392497064	-2.05068884629765
CDBN_270_Jackpot	-415.576752810947	0.366434584332868	2	2007	3	NA	0.0258505346933582	-5.7972478911715	NA	-4.23046524901015	2.10328742903978	-0.121583564246105	-5.49094986135508
CDBN_197_Lightning	618.905580886754	-0.538495192278426	2	2008	2	NA	0.587671724893364	2.58941153980748	NA	5.01781070615531	-1.71413415046969	0.0420491852188189	1.4777940433525
CDBN_210_Santa_Fe	340.924615114238	0.156981582403227	2	2008	2	NA	0.139418399519255	-1.28694245441677	NA	3.07452921546579	-1.8838435650813	0.138621896069606	-1.60325015305551
CDBN_085_USPT_9_18	467.908789448632	NA	2	2010	2	NA	-1.15901560516456	1.94453982741464	NA	3.70603128987547	NA	-0.0494924759055415	1.39722874747378
CDBN_228_Zorro	573.205122787829	-0.42677608874087	2	2008	2	NA	3.87811595626104	3.66977574457273	NA	5.08682044341059	-0.711574046423384	0.0910219286191392	-0.303230660561343
CDBN_184_CO_33875	-4.75578495934893	0.396789488648845	2	2009	3	NA	0.0954785012222771	-1.97465813863612	NA	2.23604296074169	-0.131376823491315	0.0025069330777561	-1.61857380151425
CDBN_254_Croissant	4.25488383119555	-0.108103441054257	2	2008	2	NA	1.04367455988987	-0.121346912739082	NA	2.706871735449	-1.27335350278907	-0.0200214597738857	-1.71530612624566
CDBN_215_Shania	585.756126558852	-0.589144347755167	2	2007	2	NA	4.62555145142294	4.72073738033352	NA	7.30892563410063	-2.50410764826298	0.0446807787821178	-0.288587071863973
CDBN_168_Blush	-432.451914889736	0.0564393004104041	1	2008	1	0.0352517891652371	-0.392514455097548	2.55731425204784	NA	-0.550851139693631	-0.896192155778546	0.106523690453077	3.11621176740046
CDBN_163_Capri	-858.71737457347	NA	1	2006	1	NA	-2.79810152111625	-0.312311870242107	NA	-1.72237656350336	0.628847168189371	-0.0178487885897755	1.50545728103649
CDBN_096_Hungerford	-232.131146474265	NA	2	2005	3	NA	-1.23166875449219	-0.654912513009978	NA	-2.61201760463504	-0.949095636786991	-0.0367927131880271	0.557802417287356
CDBN_056_Jet_Black	521.621579848694	NA	2	2006	2	NA	4.68807743098759	6.41297240524827	NA	6.90443819129076	NA	-0.0379461547980812	2.4236908369686
CDBN_272_Kimberly	258.080208542537	NA	2	2007	3	NA	0.228814249438829	-0.0542015521191712	NA	-0.660648421630288	1.41476233797213	-0.0324082531307576	-0.853199128853172
CDBN_198_Merlot	151.913774638561	NA	2	2003	2	NA	2.39519124864591	0.871729911333241	NA	5.4086804380966	NA	0.0529901013595481	-1.15250263052496
CDBN_200_N05324	733.656108790008	NA	2	2008	2	NA	3.46827500410827	3.11040807950149	NA	7.21212216239546	NA	0.0673181634999224	-0.415913635297815
CDBN_189_OAC_Lyrik	-1187.68034032839	NA	1	2008	1	NA	-3.02477578743678	-3.54001449195078	NA	-6.1336088475569	NA	0.0493320032361896	0.0879151725030202
CDBN_206_Quincy	317.632323552475	NA	2	2008	2	NA	-2.42527322542861	-5.44705555882767	NA	-0.569920079387352	NA	-0.0899709112654347	-3.18380131164348
CDBN_211_Sawtooth	226.371226026603	NA	2	2005	3	NA	0.116343514780101	2.54279216847281	NA	0.3243041835402	-1.87275088225323	-0.0189300012757214	1.45846426211367
CDBN_216_Shoshone	89.0317965451661	NA	2	2005	3	NA	-0.817980043589405	-3.27946852573764	NA	-1.35160147442912	0.6577464931094	-0.013409512297172	-1.40374694295922
CDBN_091_1062_V98	-158.592850857653	NA	1	2006	1	NA	-2.77024261679173	-2.26234844705907	NA	-1.11610813296394	0.648878102816894	0.0896566442954074	2.0721266888247
CDBN_244_Bandit	504.513894959457	NA	2	2006	2	NA	2.95997012196096	3.12351987313064	NA	4.91605464406216	-1.32772996439318	0.00532678087376224	0.240119851335679
CDBN_035_ISB_1145	191.337349965967	0.217828784223788	2	2001	3	NA	0.342787462251829	-0.872076721539668	NA	-3.78738285202424	1.77596348000505	-0.130991605630461	-1.12103895383091
CDBN_178_Seahawk	477.695291930737	NA	2	2002	2	0.0601636580832675	0.154871654720821	1.77756115329649	NA	1.57336509278311	-0.485606915160022	0.0386163574240743	1.82467812123408
CDBN_139_USPK_7_4	-268.463989924058	NA	2	2007	2	NA	-0.978134063987591	-3.89399247233424	NA	1.78634788267239	1.7843896442636	0.0487242133205548	-2.80388652463855
CDBN_353_USPT_7_8	11.8034927033378	NA	2	2007	2	NA	0.964004730021058	-1.28480354076965	NA	3.20797482247809	-0.433194503842405	-0.101401811509872	-1.60507151669479
CDBN_320_115M	1422.74350378185	NA	2	2003	2	NA	4.31342979054802	4.08135305243917	NA	6.23328078411396	NA	0.0468215285251419	0.537794823596431
CDBN_252_Condor	257.857612749381	NA	2	2004	2	NA	3.35618590961129	1.37040313711541	NA	3.32296483064862	NA	0.0675938977729213	-1.34846711282987
CDBN_304_Matterhorn	68.3710542254145	0.0727180245992637	2	1998	2	0.0117376559189487	0.223310270519972	-2.92206523123076	NA	3.17772283077323	-1.06571807590398	0.0814811361337642	-2.57805598085791
CDBN_204_OAC_Rex	564.309133234003	NA	2	2004	2	NA	0.984668848452218	4.22726920352613	NA	3.23850579924365	NA	0.00378217929047742	2.80205907017261
CDBN_212_Seabiskit	691.810657617726	NA	2	2005	2	NA	1.16415863990895	1.69479747549477	NA	1.59065873559799	NA	0.00841666315360213	1.6287880541179
CDBN_213_Sedona	142.987051567012	NA	2	2005	2	NA	0.935912586421083	-1.87973638465262	NA	4.69296156590096	NA	0.123599780848264	-3.94913925408123
CDBN_225_USRM_20	477.915516824422	NA	2	2004	3	NA	1.32812904480836	-1.39417277812496	NA	-1.97964229092207	NA	-0.0952280060336669	-2.17311295756111
CDBN_092_1132_V96	-740.290831913362	NA	1	2004	1	NA	-1.40580420400362	1.64640459396952	NA	-3.15239517448971	NA	0.010441624749363	2.0478066974289
CDBN_181_CO_11113	71.6609254489045	NA	2	2005	2	NA	3.02464874936436	-0.949967517722909	NA	2.83206672786706	NA	0.115055467634581	-2.538108575646
CDBN_183_CO_27864	826.68146553275	NA	2	2005	2	NA	2.73835996458609	1.59368111284689	NA	4.69230897894559	NA	-0.00693605055995124	-0.293142121550156
CDBN_019_CPC_00153	-426.804064433794	NA	1	2003	1	0.20083172898434	0.105123116550465	5.66037256153691	NA	-4.54193008980593	NA	0.0784716934146562	5.62865758006973
CDBN_020_CPC_00247	-897.211725690305	NA	1	2004	1	NA	-4.29772856060037	-3.43606621550298	NA	-4.42546067574452	NA	0.0680194248296893	0.814225213649457
CDBN_302_Desert_Rose	-78.6948955437837	NA	2	2005	3	NA	-1.52389891560273	-3.03857838339669	NA	-0.658275673038027	NA	0.0486633530078865	-1.75744950848689
CDBN_078_Mogul	-921.612187324674	NA	1	2005	1	NA	-2.42325058470866	1.68436954787418	NA	-2.99774025722714	NA	0.00912654587931908	3.77172669996183
CDBN_165_Redhawk	-695.038530205353	-0.0958864857565697	1	1998	1	0.0369001658993656	-2.58310944853019	-1.20370160598656	NA	-2.88796011378821	-1.78182674203733	-0.0423528261302218	1.71995790096301
CDBN_158_SilverCloud	-523.462801659413	NA	1	2005	1	NA	-1.11105374721024	2.97608692266239	NA	-1.44891500200278	NA	0.035642619291463	4.24916104414601
CDBN_094_UCD_9830	-312.752432442861	NA	1	2002	1	NA	-0.0476479458598415	6.52044193808487	NA	-1.37670962492319	NA	-0.00795774094104062	4.56029730677724
CDBN_082_UIP7_24P_1P	226.75336711755	NA	2	2005	3	NA	-0.179356050875236	0.422221747505706	NA	-0.327891659824872	NA	-0.0137561863049722	-0.0647716847758153
CDBN_223_USPT_ANT_1	152.134005555445	NA	2	2005	3	NA	2.89494267362345	3.18112892357051	NA	2.77488327181228	NA	-0.0529718766697988	-0.371818240305793
CDBN_245_Bighorn	231.008655697818	NA	2	2004	3	NA	-0.881860742573231	2.63985668460728	NA	0.713659482463326	NA	-0.0649425558398447	2.23949195721448
CDBN_324_NW63	324.506653683379	-0.0958650302592558	2	1989	3	-0.165507988305128	-2.60768724029958	-0.44535113890013	0.491853855650457	-2.38552313223495	3.95288793542146	-0.12276131910383	1.68962702634599
CDBN_224_USPT_CBB_1	30.260082776898	NA	2	2002	3	-0.120613097031229	-2.02587596090532	-4.63627397659765	NA	-0.832108935703295	NA	-0.0190561985743854	-2.6558403514006
CDBN_087_USWA_70	-120.049241265911	-0.0544983893807229	1	1998	1	NA	-1.08364518664662	4.43611543854283	NA	0.407422153023318	-1.9449283002047	0.0617168872266628	5.13966474820234
CDBN_275_Burke	-191.816451404603	0.26028127587667	2	1997	3	NA	-1.46507847411929	-2.59270132768909	0.406316048629694	6.76565796257337	1.21218145736806	-0.0454666712368346	-0.72531092022831
CDBN_170_Cardinal	-1132.33269055979	-0.303180808236924	1	1992	1	0.0351693300164356	-3.14240186627676	-0.647935913940835	-0.268012214784638	-4.3695767227508	-1.55740481352081	0.0302798678992275	2.08458176314695
CDBN_121_Comet	-105.427798411989	NA	2	2003	2	NA	1.43519856990028	1.55270348036791	NA	-0.0898443886891422	NA	-0.0506308675585804	0.454810171136391
CDBN_026_Frigate	623.254806650128	NA	2	2001	2	NA	-0.359329694465368	2.50356462605578	NA	7.25788050587957	NA	-0.0343799529170417	2.94748792852691
CDBN_196_LeBaron	-718.883652758515	0.203740159372994	2	1998	2	-0.0622757256806365	-3.40477575916405	-8.63842659458803	0.0807433180645528	-5.21114023169786	4.56936269447461	-0.0193508576833088	-4.71170987184004
CDBN_208_Roza	150.089692597212	NA	2	2003	3	NA	1.16892298466217	-1.18189313204911	NA	1.90731645622654	NA	-0.0683552000748389	0.954266534641977
CDBN_234_UC_BTS_96114	799.483282644365	NA	2	2003	2	NA	3.60814464145908	4.29961295915407	NA	3.43796309512092	NA	0.0201554336899911	0.300003225050503
CDBN_316_UI911	476.639760679228	-0.153287728306819	2	1994	2	0.0704986922765967	0.64521537830368	0.493479954403381	-0.215888767763621	0.262389099231901	-1.15651326525456	-0.0159734762952451	0.705853598698418
CDBN_084_USPT_7_3	-159.980958185392	0.253722564144527	2	1998	3	-0.0768878246567175	-1.50630790905647	-3.53250132266592	NA	0.789644564585952	NA	-0.13032772244868	-1.71722980954888
CDBN_011_93_208G	46.2788320261759	0.482291693335458	2	2001	3	-0.070639277154671	-1.01854146874349	-0.540058790221874	NA	2.10141448110516	NA	-0.0426818337659702	0.318392213058278
CDBN_016_98_209G	120.516090338636	-0.177581077704435	2	2001	3	-0.0388778342688129	-0.565126713933566	-2.31998651887672	NA	-5.73860522764644	NA	-0.00738564023797997	-1.34733530306174
CDBN_089_Claret	-179.41265957027	-0.131651278768523	2	2000	2	-0.00584354858992468	-1.24866543445133	-4.31945690208794	NA	-2.3072826033884	-1.98788720939198	0.0693945190552937	-3.46857906654283
CDBN_123_Fiero	-388.252146661986	-0.191496170566721	1	1997	1	0.0118153040124353	-1.55813380265294	3.83733548000496	NA	-4.82013423328811	-1.06920352613577	-0.00308307001007264	5.15355118896204
CDBN_263_Grand_Mesa	216.174152544159	0.410732358650495	2	2002	3	-0.103140104483082	0.397047395166181	-1.62118721145465	NA	0.439210085207959	NA	-0.01601193252176	-1.96529462664592
CDBN_126_H9659_23_1	-484.482641838138	-0.15869710257296	2	2001	2	0.0481121711470664	0.728585766169547	0.804972668975086	NA	1.01910520129059	NA	0.0886239397545735	0.25112677807942
CDBN_127_H9659_37_2	-784.85437488249	-0.098256409615463	2	2001	2	0.0998230101855802	-0.573143158926154	0.637110495853071	NA	0.000884818401547109	NA	0.0627680151152853	1.12995823737473
CDBN_028_H9673_87	-67.3056006804185	-0.328722248541792	2	2001	2	-0.055954699900945	2.28986072727236	0.0529284428082141	NA	4.29445206568621	NA	-0.0246750273525311	-1.83742455521492
CDBN_129_L95F025	519.358025926368	NA	2	2002	2	-0.0137662484969161	1.523302042141	2.47613033477764	NA	2.17578946784901	NA	0.0248740117755869	-0.177760425205133
CDBN_079_Nichols	-677.022791233735	0.188259295542796	1	2001	1	0.143672156052082	-0.604797312033716	2.88627708330821	NA	-1.7702142659202	NA	-0.0404566521511439	3.47966068052955
CDBN_010_93_207G	48.5094999035399	0.277786711040074	2	2000	3	-0.0619532962935659	-1.84956304756519	0.14926265815429	NA	-1.32433901935595	-1.99197716915377	0.0257315644430576	1.62867388775358
CDBN_012_93_219P	-81.0731783387471	0.0461543331469993	2	2001	3	NA	-2.8005546413056	-4.31006062281899	NA	-0.225969997899047	NA	-0.0031800225866891	-1.30437402572438
CDBN_015_98_163G	181.777221740916	0.32694793617415	2	2001	2	NA	-0.849197935684387	0.374173459836922	NA	0.690613749065893	NA	-0.00650276273546643	0.78052903855522
CDBN_277_AC_Mast	324.234030085695	-0.370684064968755	2	2000	2	0.0413957350912278	-0.266651505486218	3.64900794007498	NA	3.52594973481636	-0.605009625403763	-0.00742277062222716	3.99888258262372
CDBN_116_AC_Trident	206.307715439007	-0.258664935544992	2	2000	2	-0.00964931721563346	1.18535842238852	2.92862726987906	NA	5.04372811526	NA	-0.0731312423173261	1.91163266115654
CDBN_298_BillZ	307.221595835049	0.327482934895089	2	1985	3	-0.13581546903014	-1.09822356832682	-2.26414975190573	0.402928292452232	1.05596963534068	-0.247966069321735	0.0201462478849181	-1.63480273118695
CDBN_299_Buster	450.388123741738	0.587755721804146	2	1999	3	0.00423601872292929	-0.33534145785279	-3.06725524583692	NA	2.28837797794572	-2.49354699968451	0.103915460610094	-2.71660113729344
CDBN_249_CDC_Pinnacle	-210.657859999812	0.506947400369783	2	2000	3	-0.0709995399848911	-2.89151014416696	-6.13695136435674	NA	-0.151824520060443	2.53822711810297	-0.0712874948944315	-3.25922039016516
CDBN_250_CDC_Pintium	-558.601933572092	0.0635808844498613	1	2001	1	NA	-4.54004972022815	-7.88883726203635	NA	-1.86223071835823	NA	-0.126692219216255	-2.82504191624411
CDBN_251_CDC_Rosalee	-8.87109470856805	-0.374640595924215	2	2001	2	NA	-3.23282016323249	-5.34175389673123	NA	-1.91446463328807	NA	0.0327444301791903	-1.91769979083107
CDBN_017_CO_64342	152.6195829664	0.247486553510563	2	2001	3	NA	1.13820752648716	-0.62996688493379	NA	-2.66313891708943	NA	-0.111281709962858	-1.21286622789125
CDBN_021_CPC_00250	-191.884044497463	NA	1	2001	1	NA	1.34054447867145	4.56424270478811	NA	-3.4300957324844	NA	0.0707830442205822	4.01193743358651
CDBN_125_H9659_21_1	-360.147864633593	0.0933587225918176	2	2001	2	NA	2.08472511651753	3.15576336898892	NA	2.47050755886906	NA	0.0481822908855211	1.82824628666642
CDBN_027_H9659_41_3	-551.232171601085	-0.0476923209166922	2	2001	2	NA	1.12748052691779	1.6745197523421	NA	1.35435391251394	NA	0.0483351567941448	1.19224521705165
CDBN_164_Hooter	-579.526252906867	-0.16176317375565	1	2001	1	NA	-2.17911275908797	1.7196353148808	NA	-4.68085433667794	NA	0.0317422361465767	2.46662933109195
CDBN_044_ISB_2598	149.700600833708	0.256655329998918	1	2001	1	NA	1.38954252376185	2.63032605711721	NA	0.0102195336328307	NA	0.00288400494601631	1.2019683570043
CDBN_046_ISB_5172	22.8692054014628	-0.14649429307538	2	2001	2	NA	0.71609634750195	-1.3884937123147	NA	-1.15240064576334	NA	-0.0310934562200927	-1.75293051641236
CDBN_285_Montcalm	-801.433635129086	-0.228765675854708	1	1987	1	0.122529093143577	-1.76569724084582	2.036561019374	-0.334388942078228	-3.84832079732628	-1.64004864274752	0.0547902016337763	3.52324044989807
CDBN_219_UI111	37.7234785738016	0.318244025993292	2	1982	3	NA	-0.784804284024625	-3.08969860215038	0.00393757346600898	-2.40315062765509	NA	-0.062608351800165	-1.47913054698988
CDBN_311_UI114	132.027718876122	0.0149271032441416	2	1981	3	-0.196183169860456	-1.68533467835963	-2.64955140654053	0.313095220168833	0.903748885075179	4.20245054255557	-0.121375297694635	-1.08681135718701
CDBN_053_UI320	-363.580453194035	0.613062682327241	2	1998	3	NA	-2.94701954793607	-6.29043670370074	NA	-0.619657537566757	1.27249782673764	0.0382580114557429	-3.6097684653582
CDBN_065_UI465	23.7801602204634	0.350440012810853	2	1997	3	NA	-0.688471362962116	-0.412956277402948	NA	-0.798372990838971	-1.11745140258593	0.0482373180796896	0.152194305926236
CDBN_314_UI59	-330.373956518955	0.109018219434528	2	1981	3	0.0232122936590239	1.08332988449945	-1.63533302523058	0.069645016432662	-3.64868622179067	3.83596272500673	0.0258257237322779	-3.0102023935406
CDBN_317_US1140	-129.743557127196	-0.297599511400627	2	1983	3	NA	-3.27934458669745	-5.88551297325032	0.269829795635967	-3.90501524013343	1.90211417914691	0.0148956403447466	-2.50599942756181
CDBN_013_94_1009P	237.018895037694	0.169846583375004	2	2000	3	-0.0451555579652148	-0.723816433956289	-2.21305461244187	NA	-2.11683843985911	-1.96913181789414	-0.0537447016410774	-1.14192999246157
CDBN_014_97_409P	-34.9229781960821	0.390776402112107	2	2000	3	-0.037039717781553	-1.65862460340575	-4.6136324965575	NA	-2.25461991547957	-1.74582743528307	-0.00641395375597562	-2.49230642255957
CDBN_051_AC_Calmont	-245.152258250535	-0.164225748154482	1	1998	1	0.0527103713967366	-0.760389989699826	2.94577550316193	NA	-0.0446170294717861	-1.08972198821408	-0.0180744868817711	3.82894283580728
CDBN_293_AC_Compass	-240.385840113656	-0.372588201979577	2	1998	2	-0.0180400654452291	-0.763441036887824	-0.892152795592025	NA	2.61066430480072	-1.56246403477251	0.0365761415955938	0.0244894490425565
CDBN_242_AC_Pintoba	-109.749345168441	0.363188998964418	2	1998	3	-0.0199565824761853	0.405487822892497	-0.364639919166677	NA	3.42309743011379	2.4025276614742	0.0587300514231084	-0.396320079454889
CDBN_239_Arthur	443.661347062427	-0.0655591127132068	2	1999	2	0.0600006348270059	4.07828515592802	1.85012023733106	NA	7.27393215554736	-1.71961486804904	0.0372636975203222	-1.32508092239178
CDBN_159_Beluga	-418.763021674419	0.131247519695086	1	1998	1	0.0759719264964892	-1.82839023932521	1.84927590570446	NA	1.0512509777977	-0.90757772661202	0.0666315159359987	3.69274237025845
CDBN_247_CDC_Crocus	-348.27963114926	0.159381035073227	2	2000	3	-0.0445025855956813	-4.04485777059425	-6.70360468719128	NA	-4.44236564565369	3.07301716246924	0.0164452776880177	-2.47121578662594
CDBN_278_Chinook2000	-375.39243142317	0.0809581330839235	1	1998	1	0.106964667461017	-3.35989595000024	1.62815423236222	NA	-0.367628857992571	-0.742017811559734	0.066387925178473	4.95756166165339
CDBN_024_Elizabeth	-113.307651969118	0.407355500407551	2	1999	3	-0.0475635131880979	-1.22062642861962	-4.36043548783626	NA	0.239534495233943	-2.27705838896774	-0.0210545969285118	-3.07849332446818
CDBN_268_ICB_10	-107.958585842405	-1.1152577572662	2	2000	2	-0.0111155274019042	2.60043884986	-0.198672832681196	NA	0.052706689570646	-2.77393915038941	0.0644236468254543	-2.37095576175929
CDBN_036_ISB_1252	407.889177571397	0.110811340284307	2	2000	2	0.0326394814716599	0.4583455635505	3.16798979595672	NA	4.50766554479649	-2.53053900647364	-0.0612221639049208	2.87476383969565
CDBN_037_ISB_1256	528.338157579656	0.206937419634051	2	1999	2	0.0363489965713061	0.538333249624344	3.40342743349742	NA	6.08995305616759	-2.56700761922428	-0.0507519694311649	2.98805975441456
CDBN_048_ISB_5893	66.4356651024351	0.175023637567358	2	1999	3	-0.116809728232768	0.898981209800744	0.818357327718203	NA	-1.73908638670664	3.77011610313264	-0.152915752681431	0.0880129268770224
CDBN_271_Jaguar	467.474973482871	-0.4696237944634	2	2000	2	0.0758264217307436	4.27134651956628	2.47624061448689	NA	2.28906150527962	-0.913898984408482	0.0750234700089167	-1.2220315816483
CDBN_193_Kodiak	231.708759569572	0.197728597068031	2	1998	2	0.0758204512365841	1.28437398029213	-1.8198323172996	NA	3.14738773261337	-2.08101535289617	0.0666351277874999	-2.69431977768752
CDBN_128_L94C356	-193.122590590965	0.309092401307265	2	1999	2	-0.125337162073607	-1.54050358536838	-8.67891054233755	NA	-3.92728040297734	3.99518526109301	-0.0996399148642763	-5.79591855760671
CDBN_303_Mackinac	381.515155763955	-0.105291074101382	2	1998	2	0.0469229122987882	2.91137062672231	2.6027448100009	NA	2.83942029855343	-0.705810886435957	0.0919915895063851	-0.0487073069052201
CDBN_199_Montrose	264.329689719903	-0.266287144840511	2	2000	3	0.00617280320611578	1.00951184406964	-3.8288346032154	NA	-4.46212571051857	-0.571082750073893	0.00677518110455257	-4.04166878595517
CDBN_232_OAC_Gryphon	383.134806062166	-0.110324974925732	2	2000	3	0.0782788363245251	0.543399883872207	3.58813653609048	NA	1.967784499774	0.820757507249029	0.0425129147400794	3.29207784618974
CDBN_203_OAC_Laser	-100.545220655627	-0.272040374375878	2	1998	2	0.0317550730104475	-0.170511027917553	1.79123177317475	NA	4.79232237383446	-2.70667988567994	0.112948128020739	2.02697616967243
CDBN_098_OAC_Thunder	167.239026208204	-0.00944733600555323	2	1997	2	0.0420939717651328	-0.955570730643789	2.26282312574754	NA	3.280343051575	-0.267463619185993	-0.011057522727693	2.96030703059709
CDBN_307_Shiny_Crow	131.079041849313	-0.0536588896819624	2	1998	3	-0.000773586258232211	0.66023952648063	1.7572723794468	NA	0.182448763479873	0.759334494417224	0.00224152243716088	1.15964720791496
CDBN_138_USBK_CBB_5	-162.920791399929	-0.73113023007908	2	1999	2	0.0214228381067078	4.0444199182595	1.58183903379698	NA	2.89362374882822	-0.828387334583338	-0.0503265801724701	-1.39818897634561
CDBN_318_Weihing	85.7826921938715	-0.351772602269724	2	1998	2	-0.0130731798178778	-0.0525078251780214	-3.13946007348372	NA	1.17581488236567	-1.39891233494255	0.0232295871864061	-2.78962174601133
CDBN_300_Chase	-263.347195141547	-0.491513462677614	2	1993	3	0.00265963986744701	1.98070206637942	-1.81286655033399	0.0616392639609248	-1.69862149185766	-1.17059557515701	-0.0386217429266978	-3.17515475966806
CDBN_039_ISB_1814	-514.482400101377	-1.00540974398926	1	1996	1	NA	0.69173508760624	1.62988955581058	NA	-2.87770202749175	0.040060865745319	-0.000717427586668009	0.86430446623147
CDBN_284_Lassen	-1525.83815893469	0.424802454483282	1	1986	1	0.17134643677881	-4.84601763317895	-3.12190933184536	0.271267560461614	-5.81443375848142	-1.53708921264712	0.0603696415465745	1.7319147196849
CDBN_238_Midnight	762.721453997013	-1.2983006965908	2	1982	2	-0.0567308314197502	5.35789509700219	4.30055882049563	-0.15358352407035	5.77026317401825	-1.6471383795181	0.0760525045298713	-0.741383537152617
CDBN_290_UI259	88.4598080769979	0.231900934242282	2	1997	3	NA	-1.74218590223711	-1.14655814530877	NA	-1.69912688936032	3.0982345960422	-0.0936337332401386	0.510538403347322
CDBN_273_Vista	1106.10828683886	-0.39097936243697	2	1992	2	0.181589152591197	4.69376848138726	4.1232866013604	-0.235881263635729	6.37110257008108	-1.47466848619637	0.0658198391729913	-0.437755373199468
CDBN_274_Viva	555.004660804096	-0.520130142698246	2	1981	3	-0.184995168590316	-1.49401262196206	-1.22835286588856	-0.0332609991163483	-3.49124720755478	4.42520663368722	-0.146668684153631	-0.00705549918598657
CDBN_002_2242	-146.915818507611	0.280713278803669	1	1997	1	NA	-4.80849454223845	-1.82567034326262	NA	-6.91106745621882	-0.639577147602062	NA	2.62941769567661
CDBN_115_AC_Skipper	-257.706864432865	0.105574274165902	1	1998	1	NA	0.680881024549453	-2.6482557424781	NA	NA	NA	NA	-2.1503804649952
CDBN_259_Frontier	452.97920138458	0.335857779733378	2	1997	2	NA	2.57390404745749	2.00500346304497	NA	8.69304522194238	-0.110189940998067	NA	-0.577793369978894
CDBN_166_RedKanner	-562.013581000004	-0.217853016615249	1	1996	1	NA	-1.31624022164947	3.7077240019402	NA	-4.92783147913634	-1.1850277428519	NA	5.02650186012463
CDBN_226_USWA_12	299.062610851703	-0.252119968520018	2	1996	2	NA	-0.385273154672917	1.95928271195358	NA	0.490204126987558	0.110140102878455	NA	2.07739818825144
CDBN_009_88_409	379.808574543455	-0.218176865149274	2	1997	2	NA	-0.718360025087443	-1.02196726924777	NA	-1.59624626477273	-0.195436466633559	NA	-0.163003374875995
CDBN_154_AC_Elk	-806.571414454483	0.205641577331714	1	1997	1	NA	-4.79048682481922	-2.71125720173398	NA	-6.00571691831142	-0.618760133668355	NA	2.17682033608379
CDBN_241_AC_Ole	466.061649594259	0.339995455486702	2	1997	2	NA	-1.11789021026866	-3.4326644319635	NA	3.76229652816115	0.0244649661627542	NA	-1.71754338631596
CDBN_267_Huron	135.661010628377	0.363166893092895	2	1996	2	NA	1.51726773367625	0.23133893303239	NA	-4.71046361478075	-0.544206910429811	NA	-1.11325737085255
CDBN_038_ISB_1614	-349.065642581954	-0.205746095422155	1	1995	1	NA	1.3818229188397	1.04583635311351	-0.309731726844306	-2.78655860114353	-0.990657170808197	NA	-0.678524698935172
CDBN_040_ISB_2001	321.437150089123	0.188142665750993	2	1995	3	NA	-1.67314586048528	-3.55836539350643	0.432354378566747	2.531965993654	0.311021972661747	NA	-1.59802218515226
CDBN_043_ISB_254_4	-77.1114173243748	-0.43080758735658	2	1995	2	NA	1.56587571782272	1.34942979756924	-0.212406168862339	2.09989883992958	-0.831900309939079	NA	-0.422445633455791
CDBN_093_Isles	-897.909866067235	0.103685145356197	1	1995	1	NA	-1.43637426223178	1.60089624915622	-0.207805094723265	-6.28551165860208	-1.39250245686054	NA	2.88124752119988
CDBN_179_Maverick	205.280361886466	-0.861232862420793	2	1995	2	NA	0.169341186540112	-3.04724649816898	0.502600273691823	11.237128362201	-1.27599336103101	NA	-2.93852523138137
CDBN_201_Newport	-841.430387695535	0.171365937021528	1	1996	1	NA	0.424287809108497	-0.0580194757490376	NA	-4.95805937162579	-1.02972824507846	NA	-0.0520066412814019
CDBN_086_USWA_11	-487.97390060046	0.15049601287314	2	1997	3	NA	-2.00822528585189	-7.81035906265155	NA	-5.51375655383967	1.62347444845176	NA	-4.48208836032717
CDBN_088_USWA_75	-394.036912255943	-0.0125496030196204	1	1997	1	NA	-0.32625310522387	4.84661201304038	NA	-3.29031289124979	-0.613104355995616	NA	4.66881495677818
CDBN_155_Alpine	376.601106751718	0.11609433301734	2	1994	2	0.0797933551575868	1.68048923173247	-0.36678880183132	-0.314944308262837	NA	-1.85320922445321	NA	-1.68433525742208
CDBN_296_Aztec	-212.708586978841	-0.0582826251777341	2	1994	2	0.0246425934986077	-0.596401771129531	-2.86185165765726	0.243891910708496	NA	1.49732931212993	NA	-1.75438298250956
CDBN_321_Black_Jack	442.414860179041	-0.718938081382653	2	1993	2	NA	6.06195474389056	3.10833588845477	0.080046902841378	4.46758147059116	-1.22120353177394	NA	-2.20950973375244
CDBN_248_CDC_Expression	-1199.16426879968	-0.188622356951957	1	1996	1	NA	-3.01083830833493	-0.0424745016195234	NA	NA	-1.56744311678912	NA	2.83531753318534
CDBN_301_Crestwood	476.967243013891	-0.108896407528839	2	1992	2	0.144024746702702	2.19408781137632	4.02127548392051	-0.271080322262526	1.7234700190737	0.848836595838649	NA	2.30010125518359
CDBN_257_Envoy	-973.93248076333	0.282169256001804	1	1993	1	NA	-0.512079324402283	-1.07501482794149	-0.104966238736727	-3.75903751154802	-0.784030141990456	NA	-0.38103740680161
CDBN_146_Fleetwood	220.426368223737	-0.38565350922719	1	1983	1	0.171665533601388	0.799934021744532	3.34212466299611	-0.161674008473983	-1.66566782645466	0.762371021864355	0.0334373451991126	2.71856202793568
CDBN_265_Hatton	-31.9265408021203	0.183645114372412	2	1995	3	NA	-3.07822110951235	-4.28052803284897	0.300586817450329	NA	3.47330199228719	NA	-1.18699520788451
CDBN_042_ISB_254_1	434.544684497502	-0.280146185436085	2	1996	2	NA	1.69291930582001	1.65266499184215	NA	NA	-1.38399392068372	NA	0.154970724089712
CDBN_306_Olathe	460.70730635499	0.762280862592181	2	1982	3	-0.123253669314187	-1.088456490388	-2.42846221083421	0.551167901878541	0.30742283468607	1.72214904986376	-0.074251990680485	-1.12404619446234
CDBN_312_UI239	249.455387878708	0.180810843497783	2	1993	3	-0.175977017756069	-2.20287552470075	-2.91643045683689	0.54396879072514	-3.18675864185853	4.21868018219072	NA	-0.177283493470814
CDBN_144_USWA_20	638.716505786856	-0.124630138348449	2	1996	3	NA	2.97058212990666	1.2548151122907	NA	NA	4.03133754356552	NA	-1.23065946144985
CDBN_288_Cygnus	-159.98077297994	-0.256068619300018	1	1991	1	0.210654854245742	-0.291526356244806	-0.425821067047619	-0.220287394104724	-3.99094010117831	3.47701926857718	NA	-0.344951254727965
CDBN_097_Gryphon	343.399394626654	-0.213172459271138	2	1990	2	0.0498044146986074	1.06393024276664	4.33926899730522	-0.531795891020777	1.13357096575952	1.7425700919378	NA	4.18647717871161
CDBN_030_IS_4905_B	630.179559920224	0.272139933632943	2	1995	3	NA	1.14150200509739	2.50459937683055	-0.316206180655631	NA	-0.992064038813233	NA	1.10948044729203
CDBN_031_IS_4907_Ba	-617.751428326891	0.135046520931841	1	1995	1	NA	-0.763240696404981	1.68923084022108	-0.122610365552373	NA	-1.14386378901065	NA	1.65619024638049
CDBN_032_IS_4914_B	226.771540910985	0.00542251841113496	2	1995	2	NA	0.725639353312025	0.451783770705464	-0.276035707628339	NA	1.20050266138649	NA	-0.210862205801621
CDBN_033_IS_4923_B	711.537784128117	0.366872277643594	2	1995	3	NA	1.05455660707948	3.18322733445319	-0.43702595710447	NA	-1.08484806450299	NA	1.95441405512678
CDBN_034_IS_4924_B	637.755016989546	0.0966706608921922	2	1995	2	NA	-0.855290470176778	1.41322259952492	-0.393404560424133	NA	-1.4902490228604	NA	2.02008032738472
CDBN_192_Rojo_Chiquito	176.967505467777	-0.608131294717341	2	1995	2	NA	4.03662529177903	0.352597810455175	0.367713144956279	NA	-1.61851239526278	NA	-2.96543404789352
CDBN_041_ISB_23	-1059.27437753005	-0.297802362048479	1	1993	1	0.00066053832224955	-3.53054100745587	0.0824010948026756	-0.0271334425214683	-3.05295562300997	-1.89957822787249	NA	2.83039693685242
CDBN_076_LB_4813_B	354.546538410933	0.413872829248609	2	1995	2	NA	-2.04921136411543	-2.0035918616441	-0.387993512869456	NA	-0.682432079157682	NA	1.00686957820965
CDBN_077_LB_4815_B	755.085675795643	-0.704557489263093	2	1995	2	NA	6.59028267757358	6.07016376968024	-0.282539126147197	NA	0.447000794032531	NA	-0.491326419799804
CDBN_207_Raven	216.410925378418	-0.307239866524517	2	1995	2	NA	4.63272652348048	0.995074082809025	-0.175645568306616	NA	-1.23439436913069	NA	-2.32166749797873
CDBN_186_53026	-392.654508932182	0.533978648798053	2	1993	3	-0.121462413277099	-1.44355075435387	-4.27258236913152	-0.0128599632342245	-0.78596805899492	3.31482159946554	NA	-2.13901244341661
CDBN_006_55012	-263.413457438907	0.0166530076067687	2	1994	3	-0.1188967472015	-2.7784664713597	-6.7270737272729	NA	NA	3.2330907722798	NA	-3.02673328927718
CDBN_187_55063	218.155624498834	0.113460115326682	2	1994	3	-0.14802691391458	-2.83697289698447	-4.30194313075626	NA	NA	3.58878036337098	NA	-1.21647513287884
CDBN_008_87_1116	359.989652591381	0.315527075614573	2	1994	3	0.0213235816952368	-0.0755418330173201	-2.5772134642265	NA	NA	3.08967341432677	NA	-2.50264108611815
CDBN_007_88728	85.933163712937	-0.191347064128091	2	1994	2	0.165260272015826	4.1526594102428	3.78765280416179	NA	NA	-2.60179687586158	NA	-0.247946742669738
CDBN_147_USWA_50	236.328813258427	0.301216757084843	2	1994	3	-0.0667390272086949	-1.33916782717671	-1.7241797707957	NA	NA	-2.023783804655	NA	0.373004540955494
CDBN_023_CU_M90	663.770019086066	-1.06420060179284	2	1993	2	0.0718698139033056	5.50517848249162	4.00042165658353	-0.235755843371478	4.16404794320495	-1.69434495913192	NA	-1.00165081744504
CDBN_124_Fleetside	155.867092461863	0.0321636003222426	1	1993	1	0.0895579579761721	1.01233573042525	2.73846021207815	-0.302443971144844	-3.19668050930951	0.677525849180636	NA	1.81748155798526
CDBN_073_ISB_721	56.7478873183844	-0.145574461150486	1	1992	1	0.0790536531610242	2.03060761777763	1.64024870318807	-0.285096676389519	-2.91633690977512	-0.98058144679902	NA	-0.245831851142286
CDBN_075_ISB_782_1	-371.760197674358	0.0361219978310322	1	1994	1	0.0900811149793246	0.575182605683049	-0.53886138422405	NA	NA	-0.712320835172285	NA	-0.918487502749926
CDBN_175_OAC_Seaforth	-162.699005485379	0.18601047993728	1	1994	1	0.130396825699417	-0.888882442795479	-3.43260412137614	NA	NA	0.457621870688628	NA	-1.69375311181403
CDBN_003_5229	125.263607931752	0.418236337023229	2	1991	3	NA	-1.41751938276879	-1.08810474137738	0.292928921029327	-0.560493887640317	3.31192335477287	NA	-0.164121598120417
CDBN_005_54028	499.112508619861	0.646781887611449	2	1991	3	-0.0215124190107908	-0.729311840620454	2.37105992164774	0.585193259538004	3.2220531342846	3.1270011552712	NA	2.855785196781
CDBN_004_5501	303.019327546055	0.328103892477317	2	1993	2.5	NA	-3.31322935953428	-2.86783306426969	0.232418491336188	-0.767581117721508	2.16208508714505	NA	0.15514638350274
CDBN_279_Cran09	-910.282885800669	0.138120370487174	1	1992	1	0.236092878976589	-0.279057237123109	-4.33604702097499	-0.175954164651656	-5.37181468544352	-0.795112242571153	NA	-3.09170290306227
CDBN_022_Cran34	-581.44142320119	0.0115301704447146	1	1993	1	NA	-2.02537846761755	-2.36917975466796	NA	-6.42128701191592	-1.331444818466	NA	0.571177028411025
CDBN_322_Harblack	704.800139103981	-0.541953237145571	2	1991	2	0.0555638894407894	4.01903049568925	-0.494114018285558	-0.0929089276320947	0.945326478159817	-1.08031303805803	NA	-3.71552819323255
CDBN_047_ISB_565	-479.02881206719	0.250628040960738	1	1991	1	-0.0137264927807327	1.57211346051823	-3.32188482650686	-0.141140003880301	-3.59749907323175	-1.03189339971516	NA	-4.17103207135827
CDBN_001_1543	1091.40231498099	-0.643129256118074	2	1992	2	0.0496119327651336	6.7113811414611	7.00502640515344	-0.234097716738128	3.81546934648814	-1.98928831085774	NA	0.555148014685949
CDBN_294_Arapaho	48.1199980011587	-0.0461145492082742	2	1984	2	0.00828893318886869	0.493814165551944	-1.55911295404542	0.290816849661919	3.13101895571001	2.71751846409234	NA	-1.597938935839
CDBN_050_Aurora	208.316401008255	-0.576473991112857	2	1982	2	-0.123385474678131	1.63703150076857	3.04608993413355	-0.482127944911817	0.0326023413668715	-1.51061647571398	0.027805839774693	1.38869370090792
CDBN_297_Beryl	79.9719968420826	-0.117413235242777	2	1991	3	-0.0348839221956992	-0.221965248895516	-3.01584489905926	0.0338729434958956	-2.17752881275254	0.729893518054246	NA	-3.42477922149624
CDBN_182_CO_1760	-176.382397968898	0.338014238673259	2	1991	3	-0.0065165943768557	-1.3044906792206	-1.06291082770237	0.521757589175697	0.849752325628191	0.354353312466745	NA	0.749691533016384
CDBN_287_Centralia	-93.1539478742974	0.286860709558092	2	1990	2	0.091074922961542	-2.24152929232857	0.175531344153956	-0.374637803312516	-0.32079724912339	1.783718963694	NA	2.27637765534379
CDBN_289_Harowood	954.114301387224	-0.275195851032365	2	1990	2	0.0147153367846482	4.9488901959568	6.92693155550966	-0.112019769510868	1.2305200648108	-0.946681426082945	NA	2.66497812612435
CDBN_045_ISB_486	-726.209410652002	0.430075362009514	1	1991	1	0.132455752591744	-2.47112960362445	-1.99671448959783	-0.0565881892766753	-6.57621129767863	-1.09003159694831	NA	0.714255882850856
CDBN_072_ISB_672	-543.754392636492	-0.174409618796444	1	1991	1	0.0628944542331164	1.25818616291979	1.18471255769823	-0.270682557849085	-3.63963227521611	-0.86894386569883	NA	0.83947939846611
CDBN_134_Shetland	517.244877689748	-0.15542079337769	2	1991	2	0.155499655977785	2.44605104485279	3.63523316770681	-0.257802974707469	0.0315821880521247	-1.23997335325321	NA	1.65982263526041
CDBN_291_UI722	-86.57784440825	0.0171295847266722	1	1992	1	-0.0181913335828774	0.782400309978995	8.35769908091965	-0.136722729576835	-2.4856675674052	-1.85855585562182	NA	6.75486977931062
CDBN_246_Blackhawk	684.600837266009	-0.643731842355806	2	1990	2	-0.00989659409171386	6.25720889516488	4.35622634423293	-0.257686327957694	8.30005902908599	-2.44388049472007	NA	-1.55434531803291
CDBN_286_CDRK82	-300.861122990215	0.0697416061193536	1	1990	1	0.0174479933704085	-0.559224770151796	0.885790030758649	NA	-2.31941124284632	-1.11566720979545	NA	1.5952354232802
CDBN_074_ISB_782	-433.113530985913	-0.102939427417434	1	1991	1	NA	0.96269583930819	0.208324245933393	-0.315748154455285	-3.25102898328578	-0.898173598314509	NA	0.247214275109082
CDBN_080_Panther	1.01046872332769	-0.235933328523689	2	1991	2	NA	1.45094963557737	2.11668660766535	-0.332934485894773	1.69967078212844	0.0447747743810043	NA	0.208323545383333
CDBN_090_Redkloud	-723.945969504064	0.195724885266535	1	1982	1	0.186930680355825	-4.52823507692724	-1.06051950858853	-0.0175148451863665	-1.72640960568584	-1.29611660863862	0.0546493687961771	2.28763629094551
CDBN_081_Sprint	-582.60116452605	0.337316614293019	1	1991	1	NA	-1.98872765137687	-2.37492425183445	-0.287289539452053	-6.20244401810286	0.0121943628641758	NA	-0.848949157818118
CDBN_309_Starlight	130.15831983634	0.0297219426221017	2	1988	3	0.137022549833104	0.355471142618822	0.105654939924336	0.00899306213645708	1.10189822228487	-2.09126781936228	-0.0839418744926889	-0.323347625811038
CDBN_313_UI537	298.982310510104	-0.048718213418764	2	1989	3	-0.142846428958334	-2.00471237507263	-4.68745289178569	0.258908084605299	-3.59695188479141	4.33104347501478	-0.0673897556677534	-2.84997672457511
CDBN_315_UI906	-38.9494733828359	-0.259974834265191	2	1989	2	0.0462740073706849	3.04996111444689	-3.31275444115166	-0.25711643017813	2.49688961333274	-1.59305147685219	-0.0435802696449658	-5.96966757510633
CDBN_136_UI137	48.7073609332192	-0.238616108833377	2	1988	2	-0.0638453749705811	-0.889595343094724	0.152814007923906	NA	-1.60231294567266	-2.30693088308404	-0.0676377258711569	0.854136800476013
CDBN_323_Harris	458.276518379198	-0.811118542096835	2	1981	3	-0.0447299315609111	-0.110134432211667	0.621000282859822	-0.207314161822328	-2.67653315700071	4.14544038838838	-0.011884435793609	0.0912026655557149
CDBN_188_ISB_82_865	-1020.31687147326	0.15602400791157	1	1989	1	0.110741981265189	-3.83776300393619	-3.19672611834165	NA	-1.25499625461463	-2.01083741505613	0.0645144033892368	0.442590258945231
CDBN_180_Mayflower	811.180912075186	-0.272356371661855	2	1988	2	0.176750341739293	5.0331120968341	5.48250445479927	NA	7.84376702251239	-2.77506917921222	0.062516304785225	0.515539701100723
CDBN_153_Sacramento	-1567.54848231185	0.543777421968583	1	1985	1	0.0613263071651325	-4.51822456012604	-3.93629652751348	-0.18791218868155	-6.53785018026366	-1.05490463368335	0.0588912350785316	0.323859035342665
CDBN_308_Sierra	890.431847366943	0.0451464205881785	2	1988	2	0.147226865364162	4.2819402538245	5.35926095377669	NA	9.61748096700815	-2.06589977509178	0.153228490389449	0.993149242896402
CDBN_319_Yolano	280.48096730234	0.279910346436606	2	1988	3	-0.184729425038868	-2.70710638330566	-4.38317974300241	NA	-1.06747288965726	3.95189048297447	-0.143263063428019	-1.41804392299533
CDBN_240_Norstar	315.177857339902	-0.125986391952291	2	1990	2	0.0461764450476728	0.812839119841817	0.132448344670152	NA	0.0900827060546037	-2.2248631649486	NA	-0.289362153183345
CDBN_025_Flamingo	-140.191801175114	0.215969943593505	2	1989	3	-0.0923388306762232	-3.85323186764928	-6.120808608958	NA	-1.75883167534579	2.70144035923028	-0.0552250362164192	-2.45119876273254
CDBN_280_K407	-294.069490586632	0.229239189064637	1	1985	1	-0.0838070091658143	-0.271331845000706	1.05957724302106	0.245286478215439	-0.819702027368148	-2.10140381558529	0.113855088253762	-0.342883954547649
CDBN_049_UNS_117	666.222172753329	0.117106595720507	2	1985	3	-0.142859854998305	-2.37695849285575	-0.839598556137403	0.164013241291708	-2.26214584133806	0.456087439560637	-0.126425136484311	1.65937092983881
CDBN_100_6123	-629.728035605589	NA	1	1988	1	-0.0457973556307719	0.249163047739777	-1.93601878119415	NA	-4.98804146244608	NA	-0.105438786906841	-0.551651057233978
CDBN_120_CO_33142	488.337986200938	NA	2	1988	3	-0.0657835805963915	0.809524904560871	1.38305514911068	NA	2.10303771382812	NA	0.00782183009631877	0.629808382805228
CDBN_276_JM24	134.457081977668	0.301567984509406	2	1982	3	-0.131555872554849	0.547619058268892	0.261769287344524	0.256017005765574	2.27207902300533	NA	0.0444232975163956	0.605127509713745
CDBN_281_K59	-280.058930530702	0.112702864616588	1	1987	1	-0.0526392758362332	-0.314255043303874	4.38913901948643	-0.148332273426894	-4.47865480049377	NA	0.143149606202588	3.04783302099837
CDBN_133_RS101	329.172002274587	-0.0876190824151084	2	1987	3	-0.175517402292235	1.09024955532718	-1.54735150230055	0.423464851922511	-0.620351852267566	NA	-0.10908761481406	-2.13485492217908
CDBN_157_Lisa	-466.985246154119	NA	1	1988	1	-0.0879113316403373	0.484048101320748	4.70355737036642	NA	-1.51933288371344	NA	0.105477294966345	2.52516877642957
CDBN_112_MRK44	-1058.45226379006	0.300893321950205	1	1985	1	0.181467146071919	-4.99958525616017	-4.67200432928532	0.258049883692149	-3.70367420644247	-1.25777536465067	0.025913133722377	0.402365159233245
CDBN_220_UI126	195.644881092131	0.0997973370282103	2	1981	3	NA	-1.05700880436234	0.171521405672146	0.168361477504222	2.1114112737365	NA	NA	0.498086023385219
CDBN_145_C_20	NA	NA	2	1983	2	NA	5.64268661390889	5.59408101921802	-0.096209974072894	5.50020512365908	NA	0.113534449862882	1.19512205187834
CDBN_105_D77135B	NA	NA	2	1984	1	NA	-4.17428078397732	-4.01990117087741	NA	-4.65149905509382	NA	NA	0.341027526797701
CDBN_177_Topaz	NA	NA	2	1983	2	NA	-1.333420938017	-6.33973865560991	0.424784589037934	-1.10940507793412	NA	NA	-5.56886775241439
CDBN_108_GH760	NA	NA	1	1984	1	NA	-4.63010360033969	-7.03455466973889	-0.0295116248744703	-5.38080347203677	NA	NA	-1.84157859047769
CDBN_169_Hyden	NA	-0.276618182635621	2	1982	2	NA	-0.100181651366419	0.668252107043011	0.108906760782334	0.365896654157703	NA	-0.0165503149354834	-0.232026061796353
CDBN_109_ISB_1	NA	NA	1	1984	1	NA	-1.36287435175177	-4.04282551897175	-0.120604952774724	-0.593142583959216	NA	0.0589513545594768	-1.12628036014625
CDBN_111_ISB_730	NA	-0.0836633963488324	1	1984	1	-0.085871383476285	-1.05530352783927	-1.50695164869469	0.0087977210296833	-3.35098326274496	0.598762685137379	0.0117978857398151	-0.348772332168302
CDBN_231_JM126	NA	NA	2	1983	3	NA	-1.09329430862668	0.574315463434139	NA	-0.404853368863426	NA	NA	0.445127095526415
CDBN_194_Laker	NA	NA	1	1983	1	NA	6.4028780900144	5.51279861566309	-0.138997881704462	1.69973376408655	NA	0.0431485811582448	1.76228812790127
CDBN_113_N81017	NA	NA	2	1984	2	NA	6.73783837062702	6.9308166954397	-0.410750767200936	3.88075513793433	NA	0.0670855442123352	2.72037086166465
CDBN_132_Pulsar	NA	NA	2	1984	3	NA	-2.53727416895468	-3.03456212915258	0.0286728224609972	-3.52209300088685	NA	-0.0298424545948181	0.22731559072735
CDBN_221_UI196	NA	-0.288106911003181	2	1984	3	-0.105367161148744	-0.375223262711571	-1.84882572249871	0.111272633247277	-3.81439126067505	3.09863767022926	-0.0458283779567249	-1.62972999967109
CDBN_137_UI36	NA	0.0964232554332539	2	1981	2.5	NA	0.522050818032893	-1.28265045368099	0.0714860192415781	-2.24351169349684	3.11944028754383	NA	-1.40576523273006
CDBN_150_WYO167	NA	NA	2	1983	3	NA	-2.21216154169456	-0.345057726249356	NA	-3.29117187648517	NA	NA	-0.0314648842508127
CDBN_258_Fiesta	NA	0.477059609472211	2	1981	3	NA	-3.16951596916969	-5.95713108261524	0.150989074113855	NA	3.78778577604943	NA	-1.97279873624652
CDBN_264_Harold	NA	-0.478897849056208	2	1982	3	NA	-2.64585054174677	-1.68217016824638	0.275919365717422	NA	3.54841668957157	NA	0.7289215596793
CDBN_266_Holberg	NA	-0.189299941103931	2	1981	3	NA	-0.523846122084417	1.10495452361894	0.0538960142216048	NA	1.74852555854922	NA	0.996956051195544
CDBN_152_Isabella	NA	0.305766035541773	1	1982	1	NA	-1.27488760166588	-0.401205838989972	0.0516597512374327	NA	NA	NA	0.688943637467384
CDBN_230_Ivory	NA	-0.207728880533206	2	1982	3	NA	-1.14860374319019	-5.50298983506715	0.0408431679935257	NA	NA	NA	-2.01468919249466
CDBN_209_Sanilac	NA	0.197961798403237	1	1981	2	NA	0.718608556045964	1.03358309651153	-0.38863355783911	NA	0.589563604369751	NA	0.0717223692728525
CDBN_135_Spinel	NA	NA	2	1983	3	NA	-0.361308924240393	2.04959846774914	NA	NA	NA	NA	-0.316853734942896
CDBN_222_UI425	NA	0.0517662642927734	2	1981	3	NA	-1.41711209238469	-0.766589818095527	0.0110719301993963	NA	NA	NA	0.366659151763062
CDBN_148_Valley	NA	-0.390191314509813	2	1981	3	NA	-0.626652088597979	2.63806154410856	-0.127984031093859	NA	NA	NA	-0.847817329973004
CDBN_227_Victor	NA	-0.155839626758043	2	1982	3	NA	-2.70505448927622	-2.66581464345177	0.227520527790884	NA	2.8400941327328	NA	-1.04534370999827
CDBN_149_WYO166	NA	0.744332960656353	2	1981	3	NA	-1.34131945085145	-3.58488397593628	0.375924949366493	NA	3.16343573842503	NA	-2.22668917690903
CDBN_351_Alpena	NA	-0.149504774796103	NA	2015	NA	NA	1.96212002540572	1.71138731777858	0.0757545426045106	4.3037174046795	-1.18807746411264	0.0555126929879085	-1.1420114800419
CDBN_345_COSD_35	NA	-0.118382502217374	NA	2015	NA	NA	-0.627043238030426	2.21084969984232	0.194350203622465	1.00303974894583	-0.874224768634286	-0.0118179489587027	0.535181635580703
CDBN_332_COSD_7	NA	-0.0589686799577543	NA	2015	NA	NA	-0.649196150103521	-0.563927168901421	0.132987271736831	1.65903377961929	-0.67421047145229	-0.059846154076887	-0.827725065195328
CDBN_342_PT9_5_6	NA	-0.200856360881187	NA	2015	NA	NA	2.17616216245804	1.66407906505096	0.0532593226845526	2.95304866022444	-1.62699956894627	0.0416181454284963	-1.71308538217679
CDBN_349_Zenith	NA	-0.00300554657827057	NA	2015	NA	NA	2.45038423793459	3.16692199689335	0.250700311583324	3.44403351468035	0.678025750455594	0.0835250006064679	-0.452212912880249
CDBN_099_4533	NA	0.0976590414280634	2	1985	2	-0.183235499366262	-1.84691312721972	-5.94366625249014	0.104877633187477	-2.43333049934743	4.52148735570779	-0.140307374521627	-1.25823528981255
CDBN_101_79146	NA	0.260103269539205	2	1986	2	-0.0839114860097419	-1.27827517355168	-3.98723939541873	0.166641259987985	-1.75317631249183	3.96335605276587	-0.10996238303771	-0.473892450476401
CDBN_102_83B16	NA	-0.290395967639688	2	1986	2	-0.0737456961377459	4.29107572154392	8.29040595372863	-0.136843510047672	1.05522043211391	-1.27985312344334	-0.0112620427713772	2.94083648616317
CDBN_110_ISB_459	NA	0.261908731997899	2	1985	3	-0.137913900444312	-1.69091517878713	0.927534535171859	0.164048855075849	-2.78937767235921	4.03360901236028	-0.0319173077685165	1.73378951183881
CDBN_282_Kamiakin	NA	0.129164626300739	1	1985	1	-0.0252700375053107	-0.0379696985230418	2.67386011794872	0.0204389268742586	0.352101393939936	-1.34213583168902	0.0789668278943733	1.02824558455311
CDBN_283_Kardinal	NA	0.144278001091879	1	1986	1	-0.0205723803300264	0.0711652421274538	0.762668796736061	-0.00614120052774555	-0.430323892316573	-1.30696091968727	0.0452242408998924	1.42555316183068
CDBN_057_Linden	NA	0.165823144874623	1	1986	1	0.203697104674126	-0.312549515459068	3.0721161278125	-0.0275332747677343	1.74079482987594	-1.18448193602822	0.0110424663792121	5.56224870623018
CDBN_117_Agate	NA	1.01728715423722	1	1981	1	NA	-1.38961685230537	-2.10944768084554	0.432945331860294	NA	-0.527449867057703	NA	-0.827109876831272
CDBN_118_Amber	NA	0.444384224764252	1	1981	2	NA	-0.871618650202332	-1.43493945357346	0.385921796982717	NA	3.58672498905279	NA	-0.58595610316645
CDBN_106_D77196	NA	-0.238878135995388	2	1985	2	NA	3.42495992155794	6.53466597900857	-0.136638018410033	0.0961314119872254	NA	-0.0267275561031844	1.5577430144431
CDBN_107_D79054	NA	0.596522572564321	2	1985	2	NA	1.05024791109065	-0.6686184665332	-0.259619650421888	-2.90689197644106	NA	-0.0425193858448886	-1.33749677137667
CDBN_260_Gala	NA	0.0906027808957762	2	1981	3	NA	-2.57688949972874	-4.05687934590688	0.299144264974519	NA	3.78624302962116	NA	-0.244203266654241
CDBN_202_Nodak	NA	0.233938923765176	2	1982	3	NA	-1.80425046971849	-6.53986573923875	0.151449654230396	NA	0.198306746620243	NA	-1.14791070438889
CDBN_131_Opal	NA	0.258010181082673	2	1981	2	NA	2.46328461267412	-1.08404645085823	-0.116383440848904	NA	-0.499767341764957	NA	-0.182806933294351
CDBN_151_Zircon	NA	-0.248266065125787	2	1981	2	NA	2.23294251486473	4.39250871483663	-0.446379183257215	NA	-1.73140969170716	NA	1.76213300913555
CDBN_122_Ebony	NA	-0.595017601856937	2	1981	2	NA	4.91238050600697	0.718064555859076	0.187542696519458	NA	-1.86720225453182	NA	-0.264544101835221
CDBN_191_Garnet	NA	0.20821110230947	2	1981	2.5	NA	NA	-4.5570786030744	0.254397541862089	NA	3.95729522605767	NA	NA
CDBN_176_Sapphire	NA	-0.188060085970593	2	1981	3	NA	NA	0.328080914598454	-0.172458931485629	NA	NA	NA	NA
CDBN_114_UI60	NA	-0.0366619675570455	2	1981	NA	NA	NA	0.545507026423938	-0.071002317366722	NA	NA	NA	NA
CDBN_233_Star	NA	-0.208043878376011	2	1981	3	NA	NA	0.120285204982545	-0.146457341531509	NA	NA	NA	NA
CDBN_339_Dynasty	NA	NA	NA	2015	NA	NA	-1.02930100680671	0.0809871026691233	NA	-3.23050035448059	-0.920108644198065	-0.0540416579372624	1.38118726622882
CDBN_229_6R_42	NA	NA	2	1985	3	NA	0.417822174882286	0.582020768237238	0.00755855919230465	NA	NA	NA	-0.308989538869982
CDBN_103_CO_12601	NA	NA	2	1985	2	NA	-2.6491661201962	-5.55759141026118	0.0305746569177952	-1.55503739073585	NA	-0.0913550368554696	0.351767720183835
CDBN_104_D76125	NA	NA	2	1985	2	NA	-0.416127650373437	-5.47185140244934	-0.220382962442783	-4.12620002479236	NA	-0.051697369214236	-2.45453198190501
CDBN_156_K42	NA	NA	1	1985	1	NA	-1.83012695500581	1.06494038089414	-0.162361102573283	NA	NA	NA	1.68740640653602
CDBN_130_Monument	NA	NA	2	1985	2	NA	1.0294672615869	-1.24207237730443	-0.204826522148139	0.724470722792524	NA	-0.0354181043981149	1.11582112095991
CDBN_162_RoyalRed	NA	NA	1	1985	1	NA	-0.752482165459986	3.18270554920547	NA	NA	NA	NA	2.08409859276646
CDBN_292_White_Kidney	NA	NA	1	1985	1	NA	-1.88633435755428	2.87856645879727	NA	NA	NA	NA	3.08336879886985
CDBN_256_Emerson	NA	NA	2	1982	3	NA	NA	NA	-0.316212242730748	NA	NA	NA	NA
CDBN_205_Pindak	NA	NA	2	1982	3	NA	NA	NA	-0.196943603818116	NA	NA	NA	NA
